1.0	15.0	284.54	54.67	2.05	103.99	308.36	95676.82	46.78	-20.0	-10.0	55.8	-22.0	-11.0
1.0	45.0	286.91	48.1	2.23	142.55	313.9	95527.41	34.71	-20.0	-10.0	49.74	-22.0	-11.0
1.0	75.0	289.92	41.14	2.4	198.35	321.9	95294.75	16.12	-20.0	-10.0	41.63	-22.0	-11.0
1.0	105.0	295.6	33.9	2.55	257.62	344.0	95071.75	0.0	-20.0	-10.0	28.49	-22.0	-11.0
1.0	135.0	301.32	28.75	2.49	305.36	368.15	94871.79	0.0	-20.0	-10.0	29.03	-22.0	-11.0
1.0	165.0	307.13	26.51	2.28	304.92	406.87	94948.35	0.0	-20.0	-10.0	26.46	-22.0	-11.0
1.0	195.0	309.78	31.71	2.15	265.47	443.68	95101.96	0.0	-20.0	-10.0	48.47	-22.0	-11.0
1.0	225.0	309.64	34.89	2.01	231.3	450.87	95192.04	0.04	-20.0	-10.0	49.26	-22.0	-11.0
1.0	255.0	304.89	37.34	2.11	201.88	413.27	95278.77	17.41	-20.0	-10.0	55.87	-22.0	-11.0
1.0	285.0	297.14	34.57	2.07	175.22	352.4	95472.12	0.81	-20.0	-10.0	25.42	-22.0	-11.0
1.0	315.0	288.32	40.93	1.95	129.87	308.99	95640.54	5.24	-20.0	-10.0	17.19	-22.0	-11.0
1.0	345.0	283.63	51.26	1.9	100.35	297.8	95789.83	22.12	-20.0	-10.0	29.62	-22.0	-11.0
2.0	375.0	284.54	54.67	2.05	103.99	308.36	95676.82	46.78	-20.0	-10.0	55.8	-22.0	-11.0
2.0	405.0	286.91	48.1	2.23	142.55	313.9	95527.41	34.71	-20.0	-10.0	49.74	-22.0	-11.0
2.0	435.0	289.92	41.14	2.4	198.35	321.9	95294.75	16.12	-20.0	-10.0	41.63	-22.0	-11.0
2.0	465.0	295.6	33.9	2.55	257.62	344.0	95071.75	0.0	-20.0	-10.0	28.49	-22.0	-11.0
2.0	495.0	301.32	28.75	2.49	305.36	368.15	94871.79	0.0	-20.0	-10.0	29.03	-22.0	-11.0
2.0	525.0	307.13	26.51	2.28	304.92	406.87	94948.35	0.0	-20.0	-10.0	26.46	-22.0	-11.0
2.0	555.0	309.78	31.71	2.15	265.47	443.68	95101.96	0.0	-20.0	-10.0	48.47	-22.0	-11.0
2.0	585.0	309.64	34.89	2.01	231.3	450.87	95192.04	0.04	-20.0	-10.0	49.26	-22.0	-11.0
2.0	615.0	304.89	37.34	2.11	201.88	413.27	95278.77	17.41	-20.0	-10.0	55.87	-22.0	-11.0
2.0	645.0	297.14	34.57	2.07	175.22	352.4	95472.12	0.81	-20.0	-10.0	25.42	-22.0	-11.0
2.0	675.0	288.32	40.93	1.95	129.87	308.99	95640.54	5.24	-20.0	-10.0	17.19	-22.0	-11.0
2.0	705.0	283.63	51.26	1.9	100.35	297.8	95789.83	22.12	-20.0	-10.0	29.62	-22.0	-11.0
3.0	735.0	284.54	54.67	2.05	103.99	308.36	95676.82	46.78	-20.0	-10.0	55.8	-22.0	-11.0
3.0	765.0	286.91	48.1	2.23	142.55	313.9	95527.41	34.71	-20.0	-10.0	49.74	-22.0	-11.0
3.0	795.0	289.92	41.14	2.4	198.35	321.9	95294.75	16.12	-20.0	-10.0	41.63	-22.0	-11.0
3.0	825.0	295.6	33.9	2.55	257.62	344.0	95071.75	0.0	-20.0	-10.0	28.49	-22.0	-11.0
3.0	855.0	301.32	28.75	2.49	305.36	368.15	94871.79	0.0	-20.0	-10.0	29.03	-22.0	-11.0
3.0	885.0	307.13	26.51	2.28	304.92	406.87	94948.35	0.0	-20.0	-10.0	26.46	-22.0	-11.0
3.0	915.0	309.78	31.71	2.15	265.47	443.68	95101.96	0.0	-20.0	-10.0	48.47	-22.0	-11.0
3.0	945.0	309.64	34.89	2.01	231.3	450.87	95192.04	0.04	-20.0	-10.0	49.26	-22.0	-11.0
3.0	975.0	304.89	37.34	2.11	201.88	413.27	95278.77	17.41	-20.0	-10.0	55.87	-22.0	-11.0
3.0	1005.0	297.14	34.57	2.07	175.22	352.4	95472.12	0.81	-20.0	-10.0	25.42	-22.0	-11.0
3.0	1035.0	288.32	40.93	1.95	129.87	308.99	95640.54	5.24	-20.0	-10.0	17.19	-22.0	-11.0
3.0	1065.0	283.63	51.26	1.9	100.35	297.8	95789.83	22.12	-20.0	-10.0	29.62	-22.0	-11.0
4.0	1095.0	284.54	54.67	2.05	103.99	308.36	95676.82	46.78	-20.0	-10.0	55.8	-22.0	-11.0
4.0	1125.0	286.91	48.1	2.23	142.55	313.9	95527.41	34.71	-20.0	-10.0	49.74	-22.0	-11.0
4.0	1155.0	289.92	41.14	2.4	198.35	321.9	95294.75	16.12	-20.0	-10.0	41.63	-22.0	-11.0
4.0	1185.0	295.6	33.9	2.55	257.62	344.0	95071.75	0.0	-20.0	-10.0	28.49	-22.0	-11.0
4.0	1215.0	301.32	28.75	2.49	305.36	368.15	94871.79	0.0	-20.0	-10.0	29.03	-22.0	-11.0
4.0	1245.0	307.13	26.51	2.28	304.92	406.87	94948.35	0.0	-20.0	-10.0	26.46	-22.0	-11.0
4.0	1275.0	309.78	31.71	2.15	265.47	443.68	95101.96	0.0	-20.0	-10.0	48.47	-22.0	-11.0
4.0	1305.0	309.64	34.89	2.01	231.3	450.87	95192.04	0.04	-20.0	-10.0	49.26	-22.0	-11.0
4.0	1335.0	304.89	37.34	2.11	201.88	413.27	95278.77	17.41	-20.0	-10.0	55.87	-22.0	-11.0
4.0	1365.0	297.14	34.57	2.07	175.22	352.4	95472.12	0.81	-20.0	-10.0	25.42	-22.0	-11.0
4.0	1395.0	288.32	40.93	1.95	129.87	308.99	95640.54	5.24	-20.0	-10.0	17.19	-22.0	-11.0
4.0	1425.0	283.63	51.26	1.9	100.35	297.8	95789.83	22.12	-20.0	-10.0	29.62	-22.0	-11.0
5.0	1455.0	284.54	54.67	2.05	103.99	308.36	95676.82	46.78	-20.0	-10.0	55.8	-22.0	-11.0
5.0	1485.0	286.91	48.1	2.23	142.55	313.9	95527.41	34.71	-20.0	-10.0	49.74	-22.0	-11.0
5.0	1515.0	289.92	41.14	2.4	198.35	321.9	95294.75	16.12	-20.0	-10.0	41.63	-22.0	-11.0
5.0	1545.0	295.6	33.9	2.55	257.62	344.0	95071.75	0.0	-20.0	-10.0	28.49	-22.0	-11.0
5.0	1575.0	301.32	28.75	2.49	305.36	368.15	94871.79	0.0	-20.0	-10.0	29.03	-22.0	-11.0
5.0	1605.0	307.13	26.51	2.28	304.92	406.87	94948.35	0.0	-20.0	-10.0	26.46	-22.0	-11.0
5.0	1635.0	309.78	31.71	2.15	265.47	443.68	95101.96	0.0	-20.0	-10.0	48.47	-22.0	-11.0
5.0	1665.0	309.64	34.89	2.01	231.3	450.87	95192.04	0.04	-20.0	-10.0	49.26	-22.0	-11.0
5.0	1695.0	304.89	37.34	2.11	201.88	413.27	95278.77	17.41	-20.0	-10.0	55.87	-22.0	-11.0
5.0	1725.0	297.14	34.57	2.07	175.22	352.4	95472.12	0.81	-20.0	-10.0	25.42	-22.0	-11.0
5.0	1755.0	288.32	40.93	1.95	129.87	308.99	95640.54	5.24	-20.0	-10.0	17.19	-22.0	-11.0
5.0	1785.0	283.63	51.26	1.9	100.35	297.8	95789.83	22.12	-20.0	-10.0	29.62	-22.0	-11.0
6.0	1815.0	284.54	54.67	2.05	103.99	308.36	95676.82	46.78	-20.0	-10.0	55.8	-22.0	-11.0
6.0	1845.0	286.91	48.1	2.23	142.55	313.9	95527.41	34.71	-20.0	-10.0	49.74	-22.0	-11.0
6.0	1875.0	289.92	41.14	2.4	198.35	321.9	95294.75	16.12	-20.0	-10.0	41.63	-22.0	-11.0
6.0	1905.0	295.6	33.9	2.55	257.62	344.0	95071.75	0.0	-20.0	-10.0	28.49	-22.0	-11.0
6.0	1935.0	301.32	28.75	2.49	305.36	368.15	94871.79	0.0	-20.0	-10.0	29.03	-22.0	-11.0
6.0	1965.0	307.13	26.51	2.28	304.92	406.87	94948.35	0.0	-20.0	-10.0	26.46	-22.0	-11.0
6.0	1995.0	309.78	31.71	2.15	265.47	443.68	95101.96	0.0	-20.0	-10.0	48.47	-22.0	-11.0
6.0	2025.0	309.64	34.89	2.01	231.3	450.87	95192.04	0.04	-20.0	-10.0	49.26	-22.0	-11.0
6.0	2055.0	304.89	37.34	2.11	201.88	413.27	95278.77	17.41	-20.0	-10.0	55.87	-22.0	-11.0
6.0	2085.0	297.14	34.57	2.07	175.22	352.4	95472.12	0.81	-20.0	-10.0	25.42	-22.0	-11.0
6.0	2115.0	288.32	40.93	1.95	129.87	308.99	95640.54	5.24	-20.0	-10.0	17.19	-22.0	-11.0
6.0	2145.0	283.63	51.26	1.9	100.35	297.8	95789.83	22.12	-20.0	-10.0	29.62	-22.0	-11.0
7.0	2175.0	284.54	54.67	2.05	103.99	308.36	95676.82	46.78	-20.0	-10.0	55.8	-22.0	-11.0
7.0	2205.0	286.91	48.1	2.23	142.55	313.9	95527.41	34.71	-20.0	-10.0	49.74	-22.0	-11.0
7.0	2235.0	289.92	41.14	2.4	198.35	321.9	95294.75	16.12	-20.0	-10.0	41.63	-22.0	-11.0
7.0	2265.0	295.6	33.9	2.55	257.62	344.0	95071.75	0.0	-20.0	-10.0	28.49	-22.0	-11.0
7.0	2295.0	301.32	28.75	2.49	305.36	368.15	94871.79	0.0	-20.0	-10.0	29.03	-22.0	-11.0
7.0	2325.0	307.13	26.51	2.28	304.92	406.87	94948.35	0.0	-20.0	-10.0	26.46	-22.0	-11.0
7.0	2355.0	309.78	31.71	2.15	265.47	443.68	95101.96	0.0	-20.0	-10.0	48.47	-22.0	-11.0
7.0	2385.0	309.64	34.89	2.01	231.3	450.87	95192.04	0.04	-20.0	-10.0	49.26	-22.0	-11.0
7.0	2415.0	304.89	37.34	2.11	201.88	413.27	95278.77	17.41	-20.0	-10.0	55.87	-22.0	-11.0
7.0	2445.0	297.14	34.57	2.07	175.22	352.4	95472.12	0.81	-20.0	-10.0	25.42	-22.0	-11.0
7.0	2475.0	288.32	40.93	1.95	129.87	308.99	95640.54	5.24	-20.0	-10.0	17.19	-22.0	-11.0
7.0	2505.0	283.63	51.26	1.9	100.35	297.8	95789.83	22.12	-20.0	-10.0	29.62	-22.0	-11.0
8.0	2535.0	284.54	54.67	2.05	103.99	308.36	95676.82	46.78	-20.0	-10.0	55.8	-22.0	-11.0
8.0	2565.0	286.91	48.1	2.23	142.55	313.9	95527.41	34.71	-20.0	-10.0	49.74	-22.0	-11.0
8.0	2595.0	289.92	41.14	2.4	198.35	321.9	95294.75	16.12	-20.0	-10.0	41.63	-22.0	-11.0
8.0	2625.0	295.6	33.9	2.55	257.62	344.0	95071.75	0.0	-20.0	-10.0	28.49	-22.0	-11.0
8.0	2655.0	301.32	28.75	2.49	305.36	368.15	94871.79	0.0	-20.0	-10.0	29.03	-22.0	-11.0
8.0	2685.0	307.13	26.51	2.28	304.92	406.87	94948.35	0.0	-20.0	-10.0	26.46	-22.0	-11.0
8.0	2715.0	309.78	31.71	2.15	265.47	443.68	95101.96	0.0	-20.0	-10.0	48.47	-22.0	-11.0
8.0	2745.0	309.64	34.89	2.01	231.3	450.87	95192.04	0.04	-20.0	-10.0	49.26	-22.0	-11.0
8.0	2775.0	304.89	37.34	2.11	201.88	413.27	95278.77	17.41	-20.0	-10.0	55.87	-22.0	-11.0
8.0	2805.0	297.14	34.57	2.07	175.22	352.4	95472.12	0.81	-20.0	-10.0	25.42	-22.0	-11.0
8.0	2835.0	288.32	40.93	1.95	129.87	308.99	95640.54	5.24	-20.0	-10.0	17.19	-22.0	-11.0
8.0	2865.0	283.63	51.26	1.9	100.35	297.8	95789.83	22.12	-20.0	-10.0	29.62	-22.0	-11.0
9.0	2895.0	284.54	54.67	2.05	103.99	308.36	95676.82	46.78	-20.0	-10.0	55.8	-22.0	-11.0
9.0	2925.0	286.91	48.1	2.23	142.55	313.9	95527.41	34.71	-20.0	-10.0	49.74	-22.0	-11.0
9.0	2955.0	289.92	41.14	2.4	198.35	321.9	95294.75	16.12	-20.0	-10.0	41.63	-22.0	-11.0
9.0	2985.0	295.6	33.9	2.55	257.62	344.0	95071.75	0.0	-20.0	-10.0	28.49	-22.0	-11.0
9.0	3015.0	301.32	28.75	2.49	305.36	368.15	94871.79	0.0	-20.0	-10.0	29.03	-22.0	-11.0
9.0	3045.0	307.13	26.51	2.28	304.92	406.87	94948.35	0.0	-20.0	-10.0	26.46	-22.0	-11.0
9.0	3075.0	309.78	31.71	2.15	265.47	443.68	95101.96	0.0	-20.0	-10.0	48.47	-22.0	-11.0
9.0	3105.0	309.64	34.89	2.01	231.3	450.87	95192.04	0.04	-20.0	-10.0	49.26	-22.0	-11.0
9.0	3135.0	304.89	37.34	2.11	201.88	413.27	95278.77	17.41	-20.0	-10.0	55.87	-22.0	-11.0
9.0	3165.0	297.14	34.57	2.07	175.22	352.4	95472.12	0.81	-20.0	-10.0	25.42	-22.0	-11.0
9.0	3195.0	288.32	40.93	1.95	129.87	308.99	95640.54	5.24	-20.0	-10.0	17.19	-22.0	-11.0
9.0	3225.0	283.63	51.26	1.9	100.35	297.8	95789.83	22.12	-20.0	-10.0	29.62	-22.0	-11.0
10.0	3255.0	284.54	54.67	2.05	103.99	308.36	95676.82	46.78	-20.0	-10.0	55.8	-22.0	-11.0
10.0	3285.0	286.91	48.1	2.23	142.55	313.9	95527.41	34.71	-20.0	-10.0	49.74	-22.0	-11.0
10.0	3315.0	289.92	41.14	2.4	198.35	321.9	95294.75	16.12	-20.0	-10.0	41.63	-22.0	-11.0
10.0	3345.0	295.6	33.9	2.55	257.62	344.0	95071.75	0.0	-20.0	-10.0	28.49	-22.0	-11.0
10.0	3375.0	301.32	28.75	2.49	305.36	368.15	94871.79	0.0	-20.0	-10.0	29.03	-22.0	-11.0
10.0	3405.0	307.13	26.51	2.28	304.92	406.87	94948.35	0.0	-20.0	-10.0	26.46	-22.0	-11.0
10.0	3435.0	309.78	31.71	2.15	265.47	443.68	95101.96	0.0	-20.0	-10.0	48.47	-22.0	-11.0
10.0	3465.0	309.64	34.89	2.01	231.3	450.87	95192.04	0.04	-20.0	-10.0	49.26	-22.0	-11.0
10.0	3495.0	304.89	37.34	2.11	201.88	413.27	95278.77	17.41	-20.0	-10.0	55.87	-22.0	-11.0
10.0	3525.0	297.14	34.57	2.07	175.22	352.4	95472.12	0.81	-20.0	-10.0	25.42	-22.0	-11.0
10.0	3555.0	288.32	40.93	1.95	129.87	308.99	95640.54	5.24	-20.0	-10.0	17.19	-22.0	-11.0
10.0	3585.0	283.63	51.26	1.9	100.35	297.8	95789.83	22.12	-20.0	-10.0	29.62	-22.0	-11.0
11.0	3615.0	284.54	54.67	2.05	103.99	308.36	95676.82	46.78	-20.0	-10.0	55.8	-22.0	-11.0
11.0	3645.0	286.91	48.1	2.23	142.55	313.9	95527.41	34.71	-20.0	-10.0	49.74	-22.0	-11.0
11.0	3675.0	289.92	41.14	2.4	198.35	321.9	95294.75	16.12	-20.0	-10.0	41.63	-22.0	-11.0
11.0	3705.0	295.6	33.9	2.55	257.62	344.0	95071.75	0.0	-20.0	-10.0	28.49	-22.0	-11.0
11.0	3735.0	301.32	28.75	2.49	305.36	368.15	94871.79	0.0	-20.0	-10.0	29.03	-22.0	-11.0
11.0	3765.0	307.13	26.51	2.28	304.92	406.87	94948.35	0.0	-20.0	-10.0	26.46	-22.0	-11.0
11.0	3795.0	309.78	31.71	2.15	265.47	443.68	95101.96	0.0	-20.0	-10.0	48.47	-22.0	-11.0
11.0	3825.0	309.64	34.89	2.01	231.3	450.87	95192.04	0.04	-20.0	-10.0	49.26	-22.0	-11.0
11.0	3855.0	304.89	37.34	2.11	201.88	413.27	95278.77	17.41	-20.0	-10.0	55.87	-22.0	-11.0
11.0	3885.0	297.14	34.57	2.07	175.22	352.4	95472.12	0.81	-20.0	-10.0	25.42	-22.0	-11.0
11.0	3915.0	288.32	40.93	1.95	129.87	308.99	95640.54	5.24	-20.0	-10.0	17.19	-22.0	-11.0
11.0	3945.0	283.63	51.26	1.9	100.35	297.8	95789.83	22.12	-20.0	-10.0	29.62	-22.0	-11.0
12.0	3975.0	284.54	54.67	2.05	103.99	308.36	95676.82	46.78	-20.0	-10.0	55.8	-22.0	-11.0
12.0	4005.0	286.91	48.1	2.23	142.55	313.9	95527.41	34.71	-20.0	-10.0	49.74	-22.0	-11.0
12.0	4035.0	289.92	41.14	2.4	198.35	321.9	95294.75	16.12	-20.0	-10.0	41.63	-22.0	-11.0
12.0	4065.0	295.6	33.9	2.55	257.62	344.0	95071.75	0.0	-20.0	-10.0	28.49	-22.0	-11.0
12.0	4095.0	301.32	28.75	2.49	305.36	368.15	94871.79	0.0	-20.0	-10.0	29.03	-22.0	-11.0
12.0	4125.0	307.13	26.51	2.28	304.92	406.87	94948.35	0.0	-20.0	-10.0	26.46	-22.0	-11.0
12.0	4155.0	309.78	31.71	2.15	265.47	443.68	95101.96	0.0	-20.0	-10.0	48.47	-22.0	-11.0
12.0	4185.0	309.64	34.89	2.01	231.3	450.87	95192.04	0.04	-20.0	-10.0	49.26	-22.0	-11.0
12.0	4215.0	304.89	37.34	2.11	201.88	413.27	95278.77	17.41	-20.0	-10.0	55.87	-22.0	-11.0
12.0	4245.0	297.14	34.57	2.07	175.22	352.4	95472.12	0.81	-20.0	-10.0	25.42	-22.0	-11.0
12.0	4275.0	288.32	40.93	1.95	129.87	308.99	95640.54	5.24	-20.0	-10.0	17.19	-22.0	-11.0
12.0	4305.0	283.63	51.26	1.9	100.35	297.8	95789.83	22.12	-20.0	-10.0	29.62	-22.0	-11.0
13.0	4335.0	284.54	54.67	2.05	103.99	308.36	95676.82	46.78	-20.0	-10.0	55.8	-22.0	-11.0
13.0	4365.0	286.91	48.1	2.23	142.55	313.9	95527.41	34.71	-20.0	-10.0	49.74	-22.0	-11.0
13.0	4395.0	289.92	41.14	2.4	198.35	321.9	95294.75	16.12	-20.0	-10.0	41.63	-22.0	-11.0
13.0	4425.0	295.6	33.9	2.55	257.62	344.0	95071.75	0.0	-20.0	-10.0	28.49	-22.0	-11.0
13.0	4455.0	301.32	28.75	2.49	305.36	368.15	94871.79	0.0	-20.0	-10.0	29.03	-22.0	-11.0
13.0	4485.0	307.13	26.51	2.28	304.92	406.87	94948.35	0.0	-20.0	-10.0	26.46	-22.0	-11.0
13.0	4515.0	309.78	31.71	2.15	265.47	443.68	95101.96	0.0	-20.0	-10.0	48.47	-22.0	-11.0
13.0	4545.0	309.64	34.89	2.01	231.3	450.87	95192.04	0.04	-20.0	-10.0	49.26	-22.0	-11.0
13.0	4575.0	304.89	37.34	2.11	201.88	413.27	95278.77	17.41	-20.0	-10.0	55.87	-22.0	-11.0
13.0	4605.0	297.14	34.57	2.07	175.22	352.4	95472.12	0.81	-20.0	-10.0	25.42	-22.0	-11.0
13.0	4635.0	288.32	40.93	1.95	129.87	308.99	95640.54	5.24	-20.0	-10.0	17.19	-22.0	-11.0
13.0	4665.0	283.63	51.26	1.9	100.35	297.8	95789.83	22.12	-20.0	-10.0	29.62	-22.0	-11.0
14.0	4695.0	284.54	54.67	2.05	103.99	308.36	95676.82	46.78	-20.0	-10.0	55.8	-22.0	-11.0
14.0	4725.0	286.91	48.1	2.23	142.55	313.9	95527.41	34.71	-20.0	-10.0	49.74	-22.0	-11.0
14.0	4755.0	289.92	41.14	2.4	198.35	321.9	95294.75	16.12	-20.0	-10.0	41.63	-22.0	-11.0
14.0	4785.0	295.6	33.9	2.55	257.62	344.0	95071.75	0.0	-20.0	-10.0	28.49	-22.0	-11.0
14.0	4815.0	301.32	28.75	2.49	305.36	368.15	94871.79	0.0	-20.0	-10.0	29.03	-22.0	-11.0
14.0	4845.0	307.13	26.51	2.28	304.92	406.87	94948.35	0.0	-20.0	-10.0	26.46	-22.0	-11.0
14.0	4875.0	309.78	31.71	2.15	265.47	443.68	95101.96	0.0	-20.0	-10.0	48.47	-22.0	-11.0
14.0	4905.0	309.64	34.89	2.01	231.3	450.87	95192.04	0.04	-20.0	-10.0	49.26	-22.0	-11.0
14.0	4935.0	304.89	37.34	2.11	201.88	413.27	95278.77	17.41	-20.0	-10.0	55.87	-22.0	-11.0
14.0	4965.0	297.14	34.57	2.07	175.22	352.4	95472.12	0.81	-20.0	-10.0	25.42	-22.0	-11.0
14.0	4995.0	288.32	40.93	1.95	129.87	308.99	95640.54	5.24	-20.0	-10.0	17.19	-22.0	-11.0
14.0	5025.0	283.63	51.26	1.9	100.35	297.8	95789.83	22.12	-20.0	-10.0	29.62	-22.0	-11.0
15.0	5055.0	284.54	54.67	2.05	103.99	308.36	95676.82	46.78	-20.0	-10.0	55.8	-22.0	-11.0
15.0	5085.0	286.91	48.1	2.23	142.55	313.9	95527.41	34.71	-20.0	-10.0	49.74	-22.0	-11.0
15.0	5115.0	289.92	41.14	2.4	198.35	321.9	95294.75	16.12	-20.0	-10.0	41.63	-22.0	-11.0
15.0	5145.0	295.6	33.9	2.55	257.62	344.0	95071.75	0.0	-20.0	-10.0	28.49	-22.0	-11.0
15.0	5175.0	301.32	28.75	2.49	305.36	368.15	94871.79	0.0	-20.0	-10.0	29.03	-22.0	-11.0
15.0	5205.0	307.13	26.51	2.28	304.92	406.87	94948.35	0.0	-20.0	-10.0	26.46	-22.0	-11.0
15.0	5235.0	309.78	31.71	2.15	265.47	443.68	95101.96	0.0	-20.0	-10.0	48.47	-22.0	-11.0
15.0	5265.0	309.64	34.89	2.01	231.3	450.87	95192.04	0.04	-20.0	-10.0	49.26	-22.0	-11.0
15.0	5295.0	304.89	37.34	2.11	201.88	413.27	95278.77	17.41	-20.0	-10.0	55.87	-22.0	-11.0
15.0	5325.0	297.14	34.57	2.07	175.22	352.4	95472.12	0.81	-20.0	-10.0	25.42	-22.0	-11.0
15.0	5355.0	288.32	40.93	1.95	129.87	308.99	95640.54	5.24	-20.0	-10.0	17.19	-22.0	-11.0
15.0	5385.0	283.63	51.26	1.9	100.35	297.8	95789.83	22.12	-20.0	-10.0	29.62	-22.0	-11.0
16.0	5415.0	284.54	54.67	2.05	103.99	308.36	95676.82	46.78	-20.0	-10.0	55.8	-22.0	-11.0
16.0	5445.0	286.91	48.1	2.23	142.55	313.9	95527.41	34.71	-20.0	-10.0	49.74	-22.0	-11.0
16.0	5475.0	289.92	41.14	2.4	198.35	321.9	95294.75	16.12	-20.0	-10.0	41.63	-22.0	-11.0
16.0	5505.0	295.6	33.9	2.55	257.62	344.0	95071.75	0.0	-20.0	-10.0	28.49	-22.0	-11.0
16.0	5535.0	301.32	28.75	2.49	305.36	368.15	94871.79	0.0	-20.0	-10.0	29.03	-22.0	-11.0
16.0	5565.0	307.13	26.51	2.28	304.92	406.87	94948.35	0.0	-20.0	-10.0	26.46	-22.0	-11.0
16.0	5595.0	309.78	31.71	2.15	265.47	443.68	95101.96	0.0	-20.0	-10.0	48.47	-22.0	-11.0
16.0	5625.0	309.64	34.89	2.01	231.3	450.87	95192.04	0.04	-20.0	-10.0	49.26	-22.0	-11.0
16.0	5655.0	304.89	37.34	2.11	201.88	413.27	95278.77	17.41	-20.0	-10.0	55.87	-22.0	-11.0
16.0	5685.0	297.14	34.57	2.07	175.22	352.4	95472.12	0.81	-20.0	-10.0	25.42	-22.0	-11.0
16.0	5715.0	288.32	40.93	1.95	129.87	308.99	95640.54	5.24	-20.0	-10.0	17.19	-22.0	-11.0
16.0	5745.0	283.63	51.26	1.9	100.35	297.8	95789.83	22.12	-20.0	-10.0	29.62	-22.0	-11.0
17.0	5775.0	284.54	54.67	2.05	103.99	308.36	95676.82	46.78	-20.0	-10.0	55.8	-22.0	-11.0
17.0	5805.0	286.91	48.1	2.23	142.55	313.9	95527.41	34.71	-20.0	-10.0	49.74	-22.0	-11.0
17.0	5835.0	289.92	41.14	2.4	198.35	321.9	95294.75	16.12	-20.0	-10.0	41.63	-22.0	-11.0
17.0	5865.0	295.6	33.9	2.55	257.62	344.0	95071.75	0.0	-20.0	-10.0	28.49	-22.0	-11.0
17.0	5895.0	301.32	28.75	2.49	305.36	368.15	94871.79	0.0	-20.0	-10.0	29.03	-22.0	-11.0
17.0	5925.0	307.13	26.51	2.28	304.92	406.87	94948.35	0.0	-20.0	-10.0	26.46	-22.0	-11.0
17.0	5955.0	309.78	31.71	2.15	265.47	443.68	95101.96	0.0	-20.0	-10.0	48.47	-22.0	-11.0
17.0	5985.0	309.64	34.89	2.01	231.3	450.87	95192.04	0.04	-20.0	-10.0	49.26	-22.0	-11.0
17.0	6015.0	304.89	37.34	2.11	201.88	413.27	95278.77	17.41	-20.0	-10.0	55.87	-22.0	-11.0
17.0	6045.0	297.14	34.57	2.07	175.22	352.4	95472.12	0.81	-20.0	-10.0	25.42	-22.0	-11.0
17.0	6075.0	288.32	40.93	1.95	129.87	308.99	95640.54	5.24	-20.0	-10.0	17.19	-22.0	-11.0
17.0	6105.0	283.63	51.26	1.9	100.35	297.8	95789.83	22.12	-20.0	-10.0	29.62	-22.0	-11.0
18.0	6135.0	284.54	54.67	2.05	103.99	308.36	95676.82	46.78	-20.0	-10.0	55.8	-22.0	-11.0
18.0	6165.0	286.91	48.1	2.23	142.55	313.9	95527.41	34.71	-20.0	-10.0	49.74	-22.0	-11.0
18.0	6195.0	289.92	41.14	2.4	198.35	321.9	95294.75	16.12	-20.0	-10.0	41.63	-22.0	-11.0
18.0	6225.0	295.6	33.9	2.55	257.62	344.0	95071.75	0.0	-20.0	-10.0	28.49	-22.0	-11.0
18.0	6255.0	301.32	28.75	2.49	305.36	368.15	94871.79	0.0	-20.0	-10.0	29.03	-22.0	-11.0
18.0	6285.0	307.13	26.51	2.28	304.92	406.87	94948.35	0.0	-20.0	-10.0	26.46	-22.0	-11.0
18.0	6315.0	309.78	31.71	2.15	265.47	443.68	95101.96	0.0	-20.0	-10.0	48.47	-22.0	-11.0
18.0	6345.0	309.64	34.89	2.01	231.3	450.87	95192.04	0.04	-20.0	-10.0	49.26	-22.0	-11.0
18.0	6375.0	304.89	37.34	2.11	201.88	413.27	95278.77	17.41	-20.0	-10.0	55.87	-22.0	-11.0
18.0	6405.0	297.14	34.57	2.07	175.22	352.4	95472.12	0.81	-20.0	-10.0	25.42	-22.0	-11.0
18.0	6435.0	288.32	40.93	1.95	129.87	308.99	95640.54	5.24	-20.0	-10.0	17.19	-22.0	-11.0
18.0	6465.0	283.63	51.26	1.9	100.35	297.8	95789.83	22.12	-20.0	-10.0	29.62	-22.0	-11.0
19.0	6495.0	284.54	54.67	2.05	103.99	308.36	95676.82	46.78	-20.0	-10.0	55.8	-22.0	-11.0
19.0	6525.0	286.91	48.1	2.23	142.55	313.9	95527.41	34.71	-20.0	-10.0	49.74	-22.0	-11.0
19.0	6555.0	289.92	41.14	2.4	198.35	321.9	95294.75	16.12	-20.0	-10.0	41.63	-22.0	-11.0
19.0	6585.0	295.6	33.9	2.55	257.62	344.0	95071.75	0.0	-20.0	-10.0	28.49	-22.0	-11.0
19.0	6615.0	301.32	28.75	2.49	305.36	368.15	94871.79	0.0	-20.0	-10.0	29.03	-22.0	-11.0
19.0	6645.0	307.13	26.51	2.28	304.92	406.87	94948.35	0.0	-20.0	-10.0	26.46	-22.0	-11.0
19.0	6675.0	309.78	31.71	2.15	265.47	443.68	95101.96	0.0	-20.0	-10.0	48.47	-22.0	-11.0
19.0	6705.0	309.64	34.89	2.01	231.3	450.87	95192.04	0.04	-20.0	-10.0	49.26	-22.0	-11.0
19.0	6735.0	304.89	37.34	2.11	201.88	413.27	95278.77	17.41	-20.0	-10.0	55.87	-22.0	-11.0
19.0	6765.0	297.14	34.57	2.07	175.22	352.4	95472.12	0.81	-20.0	-10.0	25.42	-22.0	-11.0
19.0	6795.0	288.32	40.93	1.95	129.87	308.99	95640.54	5.24	-20.0	-10.0	17.19	-22.0	-11.0
19.0	6825.0	283.63	51.26	1.9	100.35	297.8	95789.83	22.12	-20.0	-10.0	29.62	-22.0	-11.0
20.0	6855.0	284.54	54.67	2.05	103.99	308.36	95676.82	46.78	-20.0	-10.0	55.8	-22.0	-11.0
20.0	6885.0	286.91	48.1	2.23	142.55	313.9	95527.41	34.71	-20.0	-10.0	49.74	-22.0	-11.0
20.0	6915.0	289.92	41.14	2.4	198.35	321.9	95294.75	16.12	-20.0	-10.0	41.63	-22.0	-11.0
20.0	6945.0	295.6	33.9	2.55	257.62	344.0	95071.75	0.0	-20.0	-10.0	28.49	-22.0	-11.0
20.0	6975.0	301.32	28.75	2.49	305.36	368.15	94871.79	0.0	-20.0	-10.0	29.03	-22.0	-11.0
20.0	7005.0	307.13	26.51	2.28	304.92	406.87	94948.35	0.0	-20.0	-10.0	26.46	-22.0	-11.0
20.0	7035.0	309.78	31.71	2.15	265.47	443.68	95101.96	0.0	-20.0	-10.0	48.47	-22.0	-11.0
20.0	7065.0	309.64	34.89	2.01	231.3	450.87	95192.04	0.04	-20.0	-10.0	49.26	-22.0	-11.0
20.0	7095.0	304.89	37.34	2.11	201.88	413.27	95278.77	17.41	-20.0	-10.0	55.87	-22.0	-11.0
20.0	7125.0	297.14	34.57	2.07	175.22	352.4	95472.12	0.81	-20.0	-10.0	25.42	-22.0	-11.0
20.0	7155.0	288.32	40.93	1.95	129.87	308.99	95640.54	5.24	-20.0	-10.0	17.19	-22.0	-11.0
20.0	7185.0	283.63	51.26	1.9	100.35	297.8	95789.83	22.12	-20.0	-10.0	29.62	-22.0	-11.0
