    15.00  22.99   8.97 570.00   3.70  23.99   0.00   570   570   0.39
    45.00  22.99   8.75 551.00   3.70  24.00   0.00   551   570   0.71
    75.00  22.99   7.63 551.00   3.70  23.99   0.00   551   570   0.95
   105.00  23.57   3.74 121.00   3.62  23.84   0.00   121   571   0.15
   135.00  27.10   2.56   9.00   3.23  22.92   0.00     9   571   0.39
   165.00  31.59   2.88   6.03   2.75  21.74   0.00     7   571   0.59
   195.00  34.06   3.54   8.86   2.46  20.97   0.00    11   572   0.01
   225.00  33.45   5.89  14.14   2.45  20.92   0.00    18   572   0.37
   255.00  29.54   8.39  24.66   2.73  21.72   0.00    32   572   0.75
   285.00  25.36   8.60  43.87   3.05  22.60   0.00    64   572   0.77
   315.00  23.05   8.62 412.61   3.55  23.71   0.00   515   572   0.70
    15.00  22.99   9.02 515.00   3.61  23.85   0.00   515   572   0.78
    45.00  22.99   8.75 515.00   3.61  23.84   0.00   515   573   0.09
    75.00  22.99   7.63 507.00   3.59  23.84   0.00   507   573   0.33
   105.00  23.57   3.74 214.00   3.49  23.68   0.00   214   573   0.53
   135.00  27.10   2.56   9.00   3.11  22.75   0.00     9   573   0.77
   165.00  31.58   2.88   6.02   2.63  21.59   0.00     7   573   0.97
   195.00  34.06   3.53   8.85   2.34  20.83   0.00    11   574   0.40
   225.00  33.44   5.89  14.13   2.33  20.77   0.00    18   574   0.76
   255.00  29.54   8.39  24.66   2.61  21.57   0.00    32   575   0.13
   285.00  25.37   8.60  43.87   2.92  22.45   0.00    64   575   0.15
   315.00  23.05   8.62 451.99   3.44  23.58   0.00   575   575   0.08
    15.00  22.98   9.02 363.00   3.52  23.71   0.00   363   575   0.16
    45.00  22.98   8.75 363.00   3.52  23.71   0.00   363   575   0.47
    75.00  22.98   7.62 361.00   3.52  23.71   0.00   361   575   0.71
   105.00  23.56   3.73 219.99   3.46  23.59   0.00   220   575   0.91
   135.00  27.10   2.56   9.00   3.08  22.68   0.00     9   576   0.15
   165.00  31.58   2.88   6.02   2.60  21.52   0.00     7   576   0.35
   195.00  34.06   3.53   8.83   2.32  20.76   0.00    11   576   0.77
   225.00  33.44   5.88  14.11   2.31  20.71   0.00    18   577   0.12
   255.00  29.54   8.38  24.63   2.59  21.51   0.00    32   577   0.50
   285.00  25.36   8.60  43.81   2.90  22.39   0.00    64   577   0.51
   315.00  23.04   8.62 272.35   3.36  23.42   0.00   333   577   0.45
    15.00  22.98   9.02 333.00   3.42  23.53   0.00   333   577   0.52
    45.00  22.98   8.75 333.00   3.42  23.53   0.00   333   577   0.83
    75.00  22.98   7.62 333.00   3.42  23.53   0.00   333   578   0.07
   105.00  23.56   3.73 230.00   3.36  23.41   0.00   230   578   0.27
   135.00  27.10   2.56   9.00   2.98  22.51   0.00     9   578   0.50
   165.00  31.59   2.88   6.02   2.51  21.37   0.00     7   578   0.70
   195.00  34.06   3.53   8.83   2.23  20.62   0.00    11   579   0.12
   225.00  33.44   5.88  14.10   2.22  20.56   0.00    18   579   0.48
   255.00  29.54   8.38  24.62   2.50  21.36   0.00    32   579   0.85
   285.00  25.36   8.60  43.82   2.81  22.24   0.00    64   579   0.87
   315.00  23.04   8.62 247.59   3.26  23.26   0.00   310   579   0.80
    15.00  22.98   9.02 310.00   3.32  23.38   0.00   310   579   0.87
    45.00  22.98   8.75 301.17   3.32  23.37   0.00   305   580   0.18
    75.00  22.98   7.62 299.00   3.32  23.37   0.00   299   580   0.42
   105.00  23.56   3.73 235.00   3.27  23.27   0.00   235   580   0.61
   135.00  27.10   2.56   9.00   2.90  22.39   0.00     9   580   0.85
   165.00  31.59   2.88   6.02   2.43  21.26   0.00     7   581   0.05
   195.00  34.06   3.54   8.83   2.16  20.51   0.00    11   581   0.46
   225.00  33.44   5.88  14.09   2.15  20.46   0.00    18   581   0.82
   255.00  29.53   8.37  24.60   2.42  21.25   0.00    32   582   0.18
   285.00  25.36   8.60  43.83   2.73  22.13   0.00    64   582   0.20
   315.00  23.04   8.61 421.32   3.23  23.22   0.00   529   582   0.13
    15.00  22.98   9.01 529.00   3.31  23.36   0.00   529   582   0.20
    45.00  22.98   8.74 529.00   3.31  23.35   0.00   529   582   0.51
    75.00  22.98   7.62 250.00   3.31  23.36   0.00   250   582   0.75
   105.00  23.56   3.73 185.00   3.25  23.25   0.00   185   582   0.94
   135.00  27.10   2.56   9.00   2.89  22.38   0.00     9   583   0.18
   165.00  31.59   2.88   6.04   2.43  21.26   0.00     7   583   0.37
   195.00  34.06   3.54   8.84   2.15  20.52   0.00    11   583   0.79
   225.00  33.44   5.88  14.09   2.14  20.46   0.00    18   584   0.14
   255.00  29.53   8.37  24.59   2.41  21.24   0.00    32   584   0.51
   285.00  25.36   8.60  43.86   2.71  22.09   0.00    64   584   0.52
   315.00  23.04   8.61 257.81   3.15  23.07   0.00   314   584   0.45
    15.00  22.98   9.01 305.00   3.21  23.17   0.00   305   584   0.52
    45.00  22.98   8.74 305.00   3.21  23.17   0.00   305   584   0.83
    75.00  22.98   7.62 253.00   3.21  23.17   0.00   253   585   0.06
   105.00  23.56   3.73 179.00   3.15  23.08   0.00   179   585   0.25
   135.00  27.10   2.56   9.00   2.79  22.22   0.00     9   585   0.49
   165.00  31.59   2.88   6.06   2.34  21.12   0.00     7   585   0.68
   195.00  34.06   3.54   8.85   2.07  20.38   0.00    11   586   0.10
   225.00  33.44   5.88  14.09   2.05  20.33   0.00    18   586   0.45
   255.00  29.53   8.37  24.58   2.32  21.12   0.00    32   586   0.81
   285.00  25.36   8.60  43.88   2.63  22.01   0.00    64   586   0.83
   315.00  23.04   8.61 439.06   3.11  23.04   0.00   586   586   0.76
    15.00  22.98   9.01 512.00   3.19  23.19   0.00   512   586   0.82
    45.00  22.98   8.74 543.09   3.18  23.18   0.00   587   587   0.13
    75.00  22.98   7.62 270.00   3.19  23.18   0.00   270   587   0.36
   105.00  23.56   3.73 191.00   3.13  23.08   0.00   191   587   0.55
   135.00  27.10   2.56   9.00   2.77  22.23   0.00     9   587   0.78
   165.00  31.59   2.88   6.06   2.32  21.13   0.00     7   587   0.98
   195.00  34.06   3.54   8.87   2.06  20.41   0.00    11   588   0.39
   225.00  33.44   5.89  14.09   2.04  20.34   0.00    18   588   0.74
   255.00  29.53   8.37  24.57   2.30  21.12   0.00    32   589   0.10
   285.00  25.36   8.59  43.88   2.61  21.97   0.00    64   589   0.11
   315.00  23.04   8.61 287.78   3.04  22.99   0.00   446   589   0.04
    15.00  22.97   9.01 413.00   3.11  23.15   0.00   413   589   0.11
    45.00  22.97   8.74 413.00   3.11  23.15   0.00   413   589   0.41
    75.00  22.97   7.62 269.00   3.11  23.15   0.00   269   589   0.64
   105.00  23.56   3.73 207.00   3.06  23.04   0.00   207   589   0.83
   135.00  27.10   2.56   9.00   2.70  22.19   0.00     9   590   0.06
   165.00  31.59   2.89   6.06   2.26  21.10   0.00     7   590   0.26
   195.00  34.06   3.54   8.88   1.99  20.38   0.00    11   590   0.67
   225.00  33.44   5.89  14.10   1.98  20.32   0.00    18   591   0.01
   255.00  29.53   8.37  24.56   2.24  21.09   0.00    32   591   0.37
   285.00  25.35   8.59  43.88   2.54  21.96   0.00    64   591   0.38
   315.00  23.04   8.61 263.25   2.99  23.12   0.00   321   591   0.31
    15.00  22.97   9.01 321.00   3.06  23.36   0.00   321   591   0.38
    45.00  22.97   8.74 321.00   3.06  23.35   0.00   321   591   0.68
    75.00  22.97   7.62 297.00   3.06  23.35   0.00   297   591   0.91
   105.00  23.56   3.73 218.00   3.01  23.25   0.00   218   592   0.10
   135.00  27.10   2.56   9.00   2.66  22.40   0.00     9   592   0.33
   165.00  31.59   2.89   6.07   2.22  21.32   0.00     7   592   0.52
   195.00  34.07   3.54   8.88   1.95  20.59   0.00    11   592   0.93
   225.00  33.45   5.89  14.11   1.94  20.53   0.00    18   593   0.27
   255.00  29.53   8.37  24.55   2.19  21.28   0.00    32   593   0.63
   285.00  25.35   8.59  43.88   2.49  22.12   0.00    64   593   0.64
   315.00  23.04   8.61 470.33   2.96  23.09   0.00   593   593   0.57
    15.00  22.97   9.01 361.00   3.02  23.19   0.00   361   593   0.63
    45.00  22.97   8.74 361.00   3.02  23.19   0.00   361   593   0.93
    75.00  22.97   7.62 361.00   3.02  23.19   0.00   361   594   0.16
   105.00  23.56   3.73 218.00   2.97  23.08   0.00   218   594   0.35
   135.00  27.10   2.56   9.00   2.62  22.24   0.00     9   594   0.58
   165.00  31.59   2.89   6.08   2.19  21.17   0.00     7   594   0.77
   195.00  34.07   3.54   8.89   1.93  20.46   0.00    11   595   0.17
   225.00  33.45   5.89  14.12   1.91  20.39   0.00    18   595   0.51
   255.00  29.53   8.37  24.55   2.16  21.13   0.00    32   595   0.87
   285.00  25.35   8.59  43.88   2.46  21.95   0.00    64   595   0.88
   315.00  23.02   8.59 472.30   2.90  22.93   0.00   595   595   0.81
    15.00  22.92   8.96 427.00   2.96  23.06   0.00   427   595   0.87
    45.00  22.92   8.69 427.00   2.96  23.05   0.00   427   596   0.17
    75.00  22.92   7.57 424.00   2.96  23.05   0.00   424   596   0.39
   105.00  23.52   3.68 112.00   2.89  22.97   0.00   112   596   0.58
   135.00  27.10   2.56   9.00   2.55  22.14   0.00     9   596   0.81
   165.00  31.59   2.89   6.06   2.12  21.08   0.00     7   597   0.00
   195.00  34.07   3.54   8.88   1.86  20.37   0.00    11   597   0.41
   225.00  33.44   5.89  14.09   1.85  20.31   0.00    18   597   0.74
   255.00  29.52   8.36  24.46   2.10  21.05   0.00    32   598   0.10
   285.00  25.33   8.57  43.62   2.39  21.87   0.00    63   598   0.11
   315.00  22.99   8.57 469.23   2.83  22.83   0.00   598   598   0.03
   345.00  22.92   8.98 514.00   2.89  22.95   0.00   514   598   0.10
   375.00  22.92   8.90 514.00   2.89  22.94   0.00   514   598   0.46
   405.00  22.92   8.69 514.00   2.89  22.94   0.00   514   598   0.76
   435.00  22.92   7.56 514.00   2.89  22.94   0.00   514   598   0.98
   465.00  23.52   3.67 514.00   2.83  22.84   0.00   514   599   0.17
   495.00  27.09   2.55   9.00   2.49  22.02   0.00     9   599   0.39
   525.00  31.59   2.89   6.05   2.06  20.97   0.00     7   599   0.58
   555.00  34.07   3.55   8.85   1.81  20.27   0.00    11   599   0.98
   585.00  33.45   5.89  14.08   1.80  20.21   0.00    18   600   0.32
   615.00  29.52   8.36  24.46   2.04  20.95   0.00    32   600   0.67
   645.00  25.33   8.57  43.62   2.33  21.77   0.00    63   600   0.67
   675.00  22.99   8.57 459.72   2.76  22.71   0.00   600   600   0.60
   705.00  22.91   8.98 251.00   2.83  22.83   0.00   251   600   0.66
   735.00  22.91   8.90 250.06   2.80  22.82   0.00   251   601   0.02
   765.00  22.91   8.69 248.00   2.75  22.82   0.00   248   601   0.31
   795.00  22.91   7.56 228.00   2.70  22.82   0.00   228   601   0.53
   825.00  23.52   3.67 228.00   2.62  22.73   0.00   228   601   0.72
   855.00  27.09   2.55   9.00   2.29  21.91   0.00     9   601   0.94
   885.00  31.59   2.89   6.04   1.87  20.88   0.00     7   602   0.13
   915.00  34.07   3.55   8.84   1.62  20.18   0.00    11   602   0.53
   945.00  33.45   5.90  14.07   1.61  20.13   0.00    18   602   0.86
   975.00  29.52   8.36  24.45   1.86  20.86   0.00    32   603   0.21
  1005.00  25.33   8.57  43.60   2.14  21.66   0.00    63   603   0.21
  1035.00  22.99   8.56 208.21   2.54  22.51   0.00   251   603   0.14
  1065.00  22.91   8.98 251.00   2.59  22.61   0.00   251   603   0.20
  1095.00  22.91   8.90 251.00   2.59  22.60   0.00   251   603   0.56
  1125.00  22.91   8.69 249.00   2.59  22.60   0.00   249   603   0.85
  1155.00  22.91   7.56 249.00   2.58  22.60   0.00   249   604   0.07
  1185.00  23.51   3.67 177.00   2.51  22.49   0.00   177   604   0.25
  1215.00  27.08   2.54   9.00   2.19  21.69   0.00     9   604   0.47
  1245.00  31.58   2.88   6.12   1.78  20.69   0.00     7   604   0.66
  1275.00  34.07   3.55   8.84   1.53  19.98   0.00    11   605   0.05
  1305.00  33.45   5.90  14.06   1.52  19.92   0.00    18   605   0.39
  1335.00  29.53   8.37  24.44   1.76  20.65   0.00    32   605   0.73
  1365.00  25.33   8.57  43.55   2.04  21.48   0.00    63   605   0.73
  1395.00  22.99   8.57 208.72   2.42  22.32   0.00   254   605   0.66
  1425.00  22.91   8.98 254.00   2.46  22.41   0.00   254   605   0.72
  1455.00  22.91   8.90 255.43   2.45  22.40   0.00   261   606   0.07
  1485.00  22.91   8.69 261.00   2.45  22.41   0.00   261   606   0.36
  1515.00  22.91   7.56 254.00   2.45  22.41   0.00   254   606   0.58
  1545.00  23.51   3.66 211.00   2.37  22.31   0.00   211   606   0.76
  1575.00  27.06   2.53   9.00   2.05  21.52   0.00     9   606   0.98
  1605.00  31.57   2.87   6.03   1.65  20.51   0.00     7   607   0.17
  1635.00  34.06   3.54   8.90   1.42  19.84   0.00    11   607   0.56
  1665.00  33.45   5.90  14.05   1.40  19.76   0.00    18   607   0.89
  1695.00  29.53   8.37  24.43   1.63  20.48   0.00    32   608   0.23
  1725.00  25.34   8.57  43.51   1.90  21.26   0.00    63   608   0.24
  1755.00  22.99   8.56 286.61   2.35  22.21   0.00   356   608   0.16
  1785.00  22.91   8.98 247.00   2.42  22.34   0.00   247   608   0.22
  1815.00  22.91   8.90 247.00   2.38  22.33   0.00   247   608   0.57
  1845.00  22.91   8.68 241.00   2.31  22.33   0.00   241   608   0.86
  1875.00  22.91   7.56 241.00   2.25  22.33   0.00   241   609   0.07
  1905.00  23.51   3.66 184.00   2.17  22.21   0.00   184   609   0.25
  1935.00  27.05   2.53   9.00   1.86  21.43   0.00     9   609   0.48
  1965.00  31.55   2.86   5.94   1.46  20.42   0.00     7   609   0.66
  1995.00  34.05   3.53   8.85   1.24  19.76   0.00    11   610   0.05
  2025.00  33.45   5.90  14.06   1.22  19.70   0.00    18   610   0.38
  2055.00  29.53   8.37  24.42   1.45  20.39   0.00    32   610   0.72
  2085.00  25.34   8.58  43.47   1.72  21.16   0.00    63   610   0.72
  2115.00  22.99   8.57 196.38   2.09  22.00   0.00   242   610   0.64
  2145.00  22.91   8.98 242.00   2.14  22.10   0.00   242   610   0.70
  2175.00  22.91   8.90 242.00   2.10  22.02   0.00   242   611   0.05
  2205.00  22.91   8.68 228.00   2.03  21.96   0.00   228   611   0.33
  2235.00  22.91   7.56 214.00   1.97  21.96   0.00   214   611   0.55
  2265.00  23.50   3.66 121.00   1.90  21.85   0.00   121   611   0.73
  2295.00  27.04   2.52   9.00   1.60  21.08   0.00     9   611   0.95
  2325.00  31.54   2.85   5.89   1.21  20.08   0.00     7   612   0.14
  2355.00  34.04   3.52   8.74   0.99  19.42   0.00    11   612   0.53
  2385.00  33.45   5.90  14.07   0.98  19.39   0.00    18   612   0.85
  2415.00  29.53   8.37  24.40   1.20  20.07   0.00    31   613   0.19
  2445.00  25.34   8.58  43.42   1.46  20.85   0.00    63   613   0.19
  2475.00  22.99   8.57 203.42   1.82  21.69   0.00   260   613   0.11
  2505.00  22.91   8.98 260.00   1.89  21.80   0.00   260   613   0.17
  2535.00  22.91   8.90 260.00   1.85  21.79   0.00   260   613   0.52
  2565.00  22.91   8.68 238.00   1.79  21.79   0.00   238   613   0.80
  2595.00  22.91   7.56 197.00   1.73  21.79   0.00   197   614   0.01
  2625.00  23.50   3.65 117.00   1.66  21.64   0.00   117   614   0.19
  2655.00  27.02   2.51   9.00   1.36  20.88   0.00     9   614   0.41
  2685.00  31.53   2.84   5.84   0.99  19.89   0.00     7   614   0.60
  2715.00  34.03   3.51   8.67   0.77  19.23   0.00    11   614   0.98
  2745.00  33.44   5.88  14.05   0.77  19.21   0.00    18   615   0.31
  2775.00  29.54   8.38  24.38   0.98  19.90   0.00    31   615   0.64
  2805.00  25.35   8.58  43.37   1.24  20.66   0.00    63   615   0.64
  2835.00  22.99   8.57 289.82   1.77  21.67   0.00   362   615   0.57
  2865.00  22.91   8.98 287.00   1.87  21.83   0.00   287   615   0.62
  2895.00  22.91   8.90 282.00   1.84  21.82   0.00   282   615   0.97
  2925.00  22.91   8.68 282.00   1.78  21.82   0.00   282   616   0.25
  2955.00  22.91   7.56 255.00   1.72  21.82   0.00   255   616   0.46
  2985.00  23.49   3.65 103.98   1.65  21.70   0.00   104   616   0.64
  3015.00  27.01   2.50   9.00   1.36  20.93   0.00     9   616   0.86
  3045.00  31.52   2.83   5.80   0.98  19.93   0.00     7   617   0.04
  3075.00  34.02   3.50   8.63   0.76  19.27   0.00    10   617   0.43
  3105.00  33.43   5.87  13.99   0.76  19.25   0.00    18   617   0.75
  3135.00  29.54   8.38  24.38   0.98  19.96   0.00    31   618   0.08
  3165.00  25.35   8.59  43.33   1.23  20.73   0.00    63   618   0.08
  3195.00  22.99   8.57 479.48   1.82  21.79   0.00   618   618   0.00
  3225.00  22.91   8.98 550.00   1.95  21.97   0.00   550   618   0.06
  3255.00  22.91   8.90 550.00   1.95  21.96   0.00   550   618   0.40
  3285.00  22.91   8.68 550.00   1.95  21.96   0.00   550   618   0.68
  3315.00  22.91   7.56 550.00   1.95  21.96   0.00   550   618   0.89
  3345.00  23.49   3.64 227.00   1.89  21.87   0.00   227   619   0.07
  3375.00  27.00   2.50   9.00   1.59  21.10   0.00     9   619   0.29
  3405.00  31.50   2.82   5.76   1.20  20.09   0.00     7   619   0.47
  3435.00  34.01   3.49   8.60   0.98  19.43   0.00    10   619   0.86
  3465.00  33.43   5.85  13.92   0.98  19.41   0.00    18   620   0.18
  3495.00  29.54   8.38  24.38   1.20  20.12   0.00    31   620   0.51
  3525.00  25.35   8.59  43.29   1.46  20.87   0.00    62   620   0.51
  3555.00  22.98   8.56 469.02   1.84  21.76   0.00   620   620   0.43
  3585.00  22.90   8.96 440.00   1.90  21.87   0.00   440   620   0.48
  3615.00  22.90   8.88 440.00   1.89  21.86   0.00   440   620   0.82
  3645.00  22.90   8.67 451.09   1.89  21.87   0.00   471   621   0.10
  3675.00  22.90   7.54 471.00   1.90  21.87   0.00   471   621   0.31
  3705.00  23.48   3.63 405.00   1.85  21.78   0.00   405   621   0.49
  3735.00  26.99   2.49   9.00   1.55  21.00   0.00     9   621   0.71
  3765.00  31.49   2.81   5.72   1.16  20.00   0.00     7   621   0.89
  3795.00  34.01   3.48   8.56   0.94  19.35   0.00    10   622   0.27
  3825.00  33.42   5.83  13.87   0.94  19.32   0.00    18   622   0.59
  3855.00  29.53   8.37  24.34   1.17  20.05   0.00    31   622   0.92
  3885.00  25.35   8.59  43.18   1.42  20.82   0.00    62   622   0.92
  3915.00  22.96   8.54 480.28   1.79  21.68   0.00   622   622   0.84
  3945.00  22.87   8.94 437.00   1.85  21.79   0.00   437   622   0.89
  3975.00  22.87   8.86 437.00   1.84  21.78   0.00   437   623   0.24
  4005.00  22.87   8.65 437.00   1.84  21.78   0.00   437   623   0.51
  4035.00  22.87   7.52 423.00   1.84  21.78   0.00   423   623   0.72
  4065.00  23.46   3.61 332.00   1.80  21.69   0.00   332   623   0.90
  4095.00  26.97   2.48   9.00   1.50  20.92   0.00     9   624   0.11
  4125.00  31.48   2.80   5.70   1.11  19.92   0.00     7   624   0.30
  4155.00  34.00   3.47   8.53   0.89  19.27   0.00    10   624   0.68
  4185.00  33.42   5.81  13.81   0.89  19.25   0.00    18   624   1.00
  4215.00  29.53   8.36  24.28   1.12  19.98   0.00    31   625   0.33
  4245.00  25.35   8.58  43.05   1.38  20.75   0.00    62   625   0.32
  4275.00  22.95   8.54 478.98   1.74  21.60   0.00   625   625   0.25
  4305.00  22.87   8.94 450.00   1.80  21.70   0.00   450   625   0.30
  4335.00  22.87   8.86 450.00   1.80  21.69   0.00   450   625   0.64
  4365.00  22.87   8.64 450.00   1.80  21.70   0.00   450   625   0.91
  4395.00  22.87   7.52 451.60   1.80  21.70   0.00   453   626   0.12
  4425.00  23.45   3.60 324.00   1.74  21.60   0.00   324   626   0.30
  4455.00  26.96   2.47   9.00   1.44  20.83   0.00     9   626   0.51
  4485.00  31.47   2.79   5.66   1.06  19.83   0.00     7   626   0.69
  4515.00  33.99   3.46   8.51   0.84  19.19   0.00    10   627   0.07
  4545.00  33.41   5.80  13.76   0.84  19.16   0.00    18   627   0.39
  4575.00  29.52   8.35  24.23   1.07  19.90   0.00    31   627   0.72
  4605.00  25.34   8.58  42.98   1.33  20.70   0.00    62   627   0.72
  4635.00  22.95   8.54 336.76   1.69  21.53   0.00   431   627   0.64
  4665.00  22.87   8.94 430.00   1.74  21.62   0.00   430   627   0.69
  4695.00  22.87   8.86 430.08   1.74  21.61   0.00   431   628   0.03
  4725.00  22.87   8.64 427.00   1.74  21.61   0.00   427   628   0.30
  4755.00  22.87   7.52 427.00   1.74  21.61   0.00   427   628   0.51
  4785.00  23.45   3.60 368.00   1.70  21.53   0.00   368   628   0.68
  4815.00  26.95   2.47   9.00   1.40  20.77   0.00     9   628   0.90
  4845.00  31.45   2.79   5.63   1.02  19.77   0.00     7   629   0.08
  4875.00  33.98   3.45   8.49   0.80  19.13   0.00    10   629   0.46
  4905.00  33.41   5.79  13.74   0.80  19.11   0.00    18   629   0.78
  4935.00  29.52   8.35  24.20   1.03  19.84   0.00    31   630   0.10
  4965.00  25.34   8.58  42.97   1.28  20.64   0.00    62   630   0.10
  4995.00  22.95   8.54 300.90   1.63  21.44   0.00   402   630   0.02
  5025.00  22.87   8.94 402.00   1.68  21.53   0.00   402   630   0.07
  5055.00  22.87   8.86 380.00   1.68  21.52   0.00   380   630   0.40
  5085.00  22.87   8.64 380.00   1.68  21.52   0.00   380   630   0.67
  5115.00  22.87   7.52 380.00   1.68  21.52   0.00   380   630   0.88
  5145.00  23.44   3.59 215.00   1.63  21.45   0.00   215   631   0.06
  5175.00  26.94   2.46   9.00   1.34  20.69   0.00     9   631   0.27
  5205.00  31.44   2.78   5.59   0.96  19.69   0.00     7   631   0.45
  5235.00  33.97   3.44   8.46   0.74  19.06   0.00    10   631   0.83
  5265.00  33.40   5.77  13.71   0.74  19.03   0.00    18   632   0.15
  5295.00  29.51   8.34  24.16   0.97  19.76   0.00    31   632   0.47
  5325.00  25.34   8.58  42.97   1.22  20.53   0.00    62   632   0.46
  5355.00  22.95   8.54 328.88   1.57  21.34   0.00   421   632   0.38
  5385.00  22.87   8.94 421.00   1.63  21.45   0.00   421   632   0.43
  5415.00  22.87   8.86 421.00   1.63  21.44   0.00   421   632   0.77
  5445.00  22.87   8.64 422.99   1.63  21.44   0.00   436   633   0.04
  5475.00  22.87   7.52 423.00   1.63  21.44   0.00   423   633   0.24
  5505.00  23.44   3.59 423.00   1.59  21.37   0.00   423   633   0.42
  5535.00  26.93   2.46   9.00   1.30  20.63   0.00     9   633   0.63
  5565.00  31.43   2.77   5.58   0.92  19.64   0.00     7   633   0.81
  5595.00  33.96   3.43   8.44   0.71  19.00   0.00    10   634   0.19
  5625.00  33.40   5.76  13.69   0.71  18.97   0.00    18   634   0.50
  5655.00  29.51   8.34  24.13   0.94  19.69   0.00    31   634   0.82
  5685.00  25.34   8.58  42.98   1.19  20.44   0.00    62   634   0.82
  5715.00  22.95   8.53 281.75   1.53  21.25   0.00   357   634   0.74
  5745.00  22.87   8.94 356.00   1.58  21.35   0.00   356   634   0.78
  5775.00  22.87   8.86 359.53   1.58  21.34   0.00   366   635   0.12
  5805.00  22.87   8.64 366.00   1.58  21.35   0.00   366   635   0.39
  5835.00  22.87   7.51 352.00   1.58  21.35   0.00   352   635   0.59
  5865.00  23.44   3.59 352.00   1.54  21.25   0.00   352   635   0.76
  5895.00  26.92   2.45   9.00   1.25  20.50   0.00     9   635   0.98
  5925.00  31.42   2.76   5.57   0.87  19.52   0.00     7   636   0.15
  5955.00  33.95   3.42   8.42   0.66  18.89   0.00    10   636   0.53
  5985.00  33.39   5.74  13.66   0.66  18.86   0.00    18   636   0.85
  6015.00  29.51   8.33  24.11   0.89  19.58   0.00    31   637   0.16
  6045.00  25.34   8.57  42.98   1.13  20.34   0.00    62   637   0.16
  6075.00  22.95   8.53 321.08   1.48  21.17   0.00   421   637   0.08
  6105.00  22.86   8.94 421.00   1.54  21.28   0.00   421   637   0.12
  6135.00  22.86   8.85 421.00   1.52  21.27   0.00   421   637   0.46
  6165.00  22.86   8.64 420.00   1.52  21.27   0.00   420   637   0.72
  6195.00  22.86   7.51 420.00   1.52  21.27   0.00   420   637   0.92
  6225.00  23.44   3.59 420.00   1.48  21.19   0.00   420   638   0.10
  6255.00  26.92   2.45   9.00   1.19  20.45   0.00     9   638   0.31
  6285.00  31.41   2.76   5.56   0.82  19.46   0.00     7   638   0.49
  6315.00  33.94   3.41   8.42   0.61  18.84   0.00    10   638   0.86
  6345.00  33.38   5.73  13.63   0.61  18.81   0.00    18   639   0.17
  6375.00  29.50   8.33  24.09   0.84  19.52   0.00    31   639   0.49
  6405.00  25.33   8.57  42.98   1.08  20.26   0.00    62   639   0.49
  6435.00  22.95   8.53 326.23   1.43  21.09   0.00   419   639   0.40
  6465.00  22.86   8.94 407.00   1.48  21.20   0.00   407   639   0.45
  6495.00  22.86   8.85 407.00   1.46  21.19   0.00   407   639   0.78
  6525.00  22.86   8.64 387.00   1.45  21.20   0.00   387   640   0.04
  6555.00  22.86   7.51 379.00   1.42  21.19   0.00   379   640   0.24
  6585.00  23.44   3.59 191.00   1.36  21.10   0.00   191   640   0.41
  6615.00  26.91   2.44   9.00   1.08  20.38   0.00     9   640   0.63
  6645.00  31.40   2.75   5.55   0.71  19.40   0.00     7   640   0.80
  6675.00  33.93   3.40   8.41   0.51  18.78   0.00    10   641   0.18
  6705.00  33.38   5.72  13.61   0.51  18.75   0.00    18   641   0.49
  6735.00  29.50   8.32  24.07   0.73  19.47   0.00    31   641   0.80
  6765.00  25.33   8.57  42.99   0.97  20.19   0.00    62   641   0.80
  6795.00  22.95   8.53 331.08   1.30  20.98   0.00   424   641   0.71
  6825.00  22.86   8.94 424.00   1.36  21.08   0.00   424   641   0.76
  6855.00  22.86   8.85 424.26   1.33  21.06   0.00   425   642   0.09
  6885.00  22.86   8.64 425.00   1.28  21.04   0.00   425   642   0.35
  6915.00  22.86   7.51 425.00   1.21  21.03   0.00   425   642   0.55
  6945.00  23.44   3.59 360.00   1.13  20.94   0.00   360   642   0.72
  6975.00  26.91   2.44   9.00   0.86  20.22   0.00     9   642   0.93
  7005.00  31.39   2.74   5.55   0.51  19.26   0.00     7   643   0.11
  7035.00  33.93   3.39   8.40   0.30  18.64   0.00    10   643   0.48
  7065.00  33.38   5.71  13.60   0.30  18.61   0.00    18   643   0.79
  7095.00  29.49   8.31  24.05   0.52  19.33   0.00    31   644   0.10
  7125.00  25.32   8.56  43.00   0.76  20.06   0.00    62   644   0.09
  7155.00  22.95   8.53 425.56   1.13  20.86   0.00   565   644   0.01
