    45.0000     19.8895      4.0715      2.5044    -71.0171      3.0848    199.7854   -405.5658   8 570
    75.0000     21.3520     11.8146      3.2850    -93.1507     -5.9374    196.7734   -413.7195  15 570
   105.0000     21.5024     19.1083      4.3111   -122.2469     -8.7251    185.5481   -414.5688  23 570
   135.0000     21.1667     25.5090      4.5202   -128.1768     -4.8615    187.2717   -412.6804  28 570
   165.0000     21.0973     29.8451      4.8362   -137.1377     -5.3547    206.8038   -412.2926  32 570
   195.0000     20.8786     34.2285      4.5505   -129.0356     -4.1464    216.4529   -411.0669  35 570
   225.0000     21.3705     35.9625      3.2962    -93.4695      3.1426    226.9533   -413.8242  36 570
   255.0000     22.7664     20.4479      3.9595   -112.2764      6.1347    247.9975   -421.7250  23 570
   285.0000     23.8460     23.9875      3.9722   -112.6378      3.2363    250.4815   -427.9138  24 570
   315.0000     24.6185     25.2424      5.2321   -148.3634    -16.5549    219.8883   -432.3874  30 570
   345.0000     23.3590     35.1917      6.6601   -188.8579    -25.2492    189.2867   -425.1253  39 570
   375.0000     22.2625     40.6778      5.6393   -159.9102    -19.2849    183.4154   -418.8653  42 570
    15.0000     21.9872     42.4747      5.4145   -153.5361    -15.0921    195.9338   -417.3033  43 570
    45.0000     21.9427     43.7306      4.6295   -131.2763    -12.2103    199.7854   -417.0497  44 570
    75.0000     22.3515     34.1972      4.1346   -117.2432    -12.8788    196.7734   -419.3658  39 570
   105.0000     22.3622     42.9153      5.2111   -147.7697    -16.3817    185.5481   -419.4284  45 570
   135.0000     21.9134     46.6556      5.4368   -154.1673    -12.5992    187.2717   -416.8867  48 570
   165.0000     21.6224     48.8049      5.5110   -156.2735    -11.0909    206.8038   -415.2444  50 570
   195.0000     21.3010     51.1167      5.0620   -143.5405     -8.3463    216.4529   -413.4392  52 570
   225.0000     21.5841     52.0000      3.5634   -101.0458      1.7932    226.9533   -415.0258  52 570
   255.0000     22.8357     21.7437      4.0403   -114.5674      5.8331    247.9975   -422.1202  25 570
   285.0000     23.8748     25.0000      4.0101   -113.7119      3.0832    250.4815   -428.0798  25 570
   315.0000     24.6380     25.9590      5.2529   -148.9550    -16.7134    219.8883   -432.5002  32 570
   345.0000     23.4251     37.9521      6.7315   -190.8817    -25.8373    189.2867   -425.5040  45 570
   375.0000     22.4168     49.4674      5.7995   -164.4540    -20.6583    183.4154   -419.7396  52 570
    15.0000     22.1542     52.3289      5.5972   -158.7167    -16.6570    195.9338   -418.2488  53 570
    45.0000     22.0849     53.0000      4.7722   -135.3235    -13.4139    199.7854   -417.8553  53 570
    75.0000     22.4271     36.1937      4.2002   -119.1030    -13.4224    196.7734   -419.7959  41 570
   105.0000     22.4161     48.6625      5.2697   -149.4294    -16.8830    185.5481   -419.7345  54 570
   135.0000     22.0137     55.2715      5.5610   -157.6900    -13.6695    187.2717   -417.4537  56 570
   165.0000     21.7286     57.0201      5.6472   -160.1344    -12.2774    206.8038   -415.8426  58 570
   195.0000     21.4084     58.8646      5.1905   -147.1829     -9.4337    216.4529   -414.0414  59 570
   225.0000     21.6476     59.0000      3.6438   -103.3252      1.3741    226.9533   -415.3835  59 570
   255.0000     22.8567     22.1264      4.0652   -115.2739      5.7402    247.9975   -422.2398  25 570
   285.0000     23.8833     25.9000      4.0214   -114.0336      3.0373    250.4815   -428.1289  26 570
   315.0000     24.6436     26.1653      5.2590   -149.1252    -16.7589    219.8883   -432.5325  32 570
   345.0000     23.4412     38.4347      6.7489   -191.3756    -25.9803    189.2867   -425.5961  45 570
   375.0000     22.4402     51.2208      5.8239   -165.1460    -20.8672    183.4154   -419.8731  55 570
    15.0000     22.1848     56.6414      5.6309   -159.6721    -16.9456    195.9338   -418.4218  58 570
    45.0000     22.1264     58.0000      4.8138   -136.5022    -13.7647    199.7854   -418.0890  58 570
    75.0000     22.4509     36.8035      4.2210   -119.6918    -13.5945    196.7734   -419.9304  42 570
   105.0000     22.4414     50.4292      5.2969   -150.2007    -17.1152    185.5481   -419.8783  59 570
   135.0000     22.0583     60.3833      5.6164   -159.2629    -14.1476    187.2717   -417.7060  61 570
   165.0000     21.7799     62.2771      5.7132   -162.0063    -12.8538    206.8038   -416.1324  63 570
   195.0000     21.4698     63.9549      5.2629   -149.2371    -10.0477    216.4529   -414.3822  64 570
   225.0000     21.6921     64.0000      3.7002   -104.9249      1.0759    226.9533   -415.6339  64 570
   255.0000     22.8712     22.3924      4.0826   -115.7671      5.6753    247.9975   -422.3231  25 570
   285.0000     23.8893     25.9681      4.0294   -114.2597      3.0051    250.4815   -428.1635  26 570
   315.0000     24.6473     26.3049      5.2629   -149.2373    -16.7889    219.8883   -432.5542  32 570
   345.0000     23.4519     38.7792      6.7605   -191.7048    -26.0757    189.2867   -425.6574  46 570
   375.0000     22.4553     51.9361      5.8398   -165.5959    -21.0029    183.4154   -419.9593  56 570
    15.0000     22.1995     57.9077      5.6471   -160.1319    -17.0845    195.9338   -418.5052  60 570
    45.0000     22.1373     60.8826      4.8249   -136.8171    -13.8586    199.7854   -418.1501  61 570
    75.0000     22.4552     36.9313      4.2247   -119.7984    -13.6257    196.7734   -419.9540  42 570
   105.0000     22.4426     51.1882      5.2983   -150.2404    -17.1274    185.5481   -419.8852  62 570
   135.0000     22.0736     63.9361      5.6355   -159.8021    -14.3113    187.2717   -417.7921  65 570
   165.0000     21.8041     66.0507      5.7444   -162.8916    -13.1269    206.8038   -416.2691  67 570
   195.0000     21.5089     67.8875      5.3100   -150.5734    -10.4462    216.4529   -414.6009  68 570
   225.0000     21.7271     68.0000      3.7447   -106.1871      0.8392    226.9533   -415.8315  68 570
   255.0000     22.8830     22.6146      4.0967   -116.1686      5.6226    247.9975   -422.3902  26 570
   285.0000     23.8938     26.0000      4.0353   -114.4260      2.9816    250.4815   -428.1890  26 570
   315.0000     24.6498     26.4118      5.2657   -149.3153    -16.8098    219.8883   -432.5692  32 570
   345.0000     23.4607     39.0521      6.7701   -191.9766    -26.1543    189.2867   -425.7083  46 570
   375.0000     22.4671     52.5139      5.8522   -165.9469    -21.1088    183.4154   -420.0259  57 570
    15.0000     22.2113     58.6548      5.6601   -160.5014    -17.1961    195.9338   -418.5722  61 570
    45.0000     22.1504     61.8840      4.8380   -137.1879    -13.9688    199.7854   -418.2256  62 570
    75.0000     22.4636     37.2660      4.2320   -120.0058    -13.6864    196.7734   -420.0014  43 570
   105.0000     22.4449     51.9090      5.3008   -150.3131    -17.1495    185.5481   -419.8982  63 570
   135.0000     22.0842     66.2736      5.6488   -160.1801    -14.4260    187.2717   -417.8530  68 570
   165.0000     21.8225     68.8868      5.7681   -163.5622    -13.3338    206.8038   -416.3730  70 570
   195.0000     21.5478     70.8389      5.3558   -151.8713    -10.8330    216.4529   -414.8217  71 570
   225.0000     21.7639     71.0000      3.7916   -107.5168      0.5883    226.9533   -416.0394  71 570
   255.0000     22.8953     22.8722      4.1115   -116.5877      5.5675    247.9975   -422.4602  26 570
   285.0000     23.8987     26.0000      4.0418   -114.6109      2.9552    250.4815   -428.2173  26 570
   315.0000     24.6536     26.5222      5.2697   -149.4314    -16.8408    219.8883   -432.5911  33 570
   345.0000     23.4697     39.3431      6.7799   -192.2527    -26.2341    189.2867   -425.7597  47 570
   375.0000     22.4792     53.1347      5.8649   -166.3065    -21.2173    183.4154   -420.0940  58 570
    15.0000     22.2226     59.5283      5.6726   -160.8541    -17.3026    195.9338   -418.6363  62 570
    45.0000     22.1517     63.4507      4.8397   -137.2368    -13.9836    199.7854   -418.2319  64 570
    75.0000     22.4613     37.1653      4.2300   -119.9487    -13.6697    196.7734   -419.9883  43 570
   105.0000     22.4440     51.9299      5.2999   -150.2859    -17.1413    185.5481   -419.8933  64 570
   135.0000     22.0983     67.9493      5.6668   -160.6916    -14.5799    187.2717   -417.9314  69 570
   165.0000     21.8956     70.6833      5.8625   -166.2401    -14.1582    206.8038   -416.7859  72 570
   195.0000     21.5804     72.8924      5.3955   -152.9972    -11.1799    216.4529   -415.0102  73 570
   225.0000     21.7740     73.0000      3.8045   -107.8812      0.5198    226.9533   -416.0960  73 570
   255.0000     22.8990     22.9361      4.1159   -116.7135      5.5510    247.9975   -422.4811  26 570
   285.0000     23.9002     26.7500      4.0438   -114.6685      2.9470    250.4815   -428.2260  27 570
   315.0000     24.6543     26.5590      5.2705   -149.4528    -16.8466    219.8883   -432.5953  33 570
   345.0000     23.4724     39.4222      6.7828   -192.3353    -26.2581    189.2867   -425.7750  47 570
   375.0000     22.4831     53.2938      5.8690   -166.4243    -21.2528    183.4154   -420.1166  58 570
    15.0000     22.2266     59.7515      5.6770   -160.9793    -17.3404    195.9338   -418.6589  62 570
    45.0000     22.1580     63.4521      4.8463   -137.4234    -14.0392    199.7854   -418.2696  64 570
    75.0000     22.4623     37.1986      4.2309   -119.9741    -13.6771    196.7734   -419.9941  43 570
   105.0000     22.4449     52.1104      5.3009   -150.3145    -17.1500    185.5481   -419.8983  65 570
   135.0000     22.1001     69.0514      5.6691   -160.7558    -14.5995    187.2717   -417.9415  71 570
   165.0000     21.9001     72.3833      5.8682   -166.4022    -14.2086    206.8038   -416.8110  74 570
   195.0000     21.5921     74.8201      5.4090   -153.3804    -11.2950    216.4529   -415.0684  75 570
   225.0000     21.7815     75.0000      3.8140   -108.1516      0.4677    226.9533   -416.1386  75 570
   255.0000     22.9015     22.9813      4.1190   -116.8018      5.5394    247.9975   -422.4960  26 570
   285.0000     23.9013     26.8021      4.0454   -114.7123      2.9408    250.4815   -428.2325  27 570
   315.0000     24.6548     26.5847      5.2710   -149.4661    -16.8501    219.8883   -432.5980  33 570
   345.0000     23.4739     39.4813      6.7844   -192.3812    -26.2712    189.2867   -425.7835  47 570
   375.0000     22.4852     53.4132      5.8712   -166.4863    -21.2714    183.4154   -420.1286  58 570
    15.0000     22.2285     59.9241      5.6790   -161.0377    -17.3580    195.9338   -418.6696  62 570
    45.0000     22.1585     63.6375      4.8468   -137.4396    -14.0441    199.7854   -418.2723  64 570
    75.0000     22.4623     37.1986      4.2309   -119.9741    -13.6771    196.7734   -419.9941  43 570
   105.0000     22.4449     52.1278      5.3009   -150.3147    -17.1500    185.5481   -419.8983  65 570
   135.0000     22.1047     69.5938      5.6749   -160.9196    -14.6488    187.2717   -417.9716  72 570
   165.0000     21.9198     73.5153      5.8937   -167.1254    -14.4318    206.8038   -416.9225  76 570
   195.0000     21.6071     76.6674      5.4275   -153.9045    -11.4545    216.4529   -415.1520  77 570
   225.0000     21.7894     76.0000      3.8240   -108.4343      0.4130    226.9533   -416.1832  76 570
   255.0000     22.9042     23.0299      4.1222   -116.8917      5.5276    247.9975   -422.5109  26 570
   285.0000     23.9024     26.8333      4.0468   -114.7534      2.9349    250.4815   -428.2388  27 570
   315.0000     24.6553     26.6111      5.2715   -149.4819    -16.8543    219.8883   -432.6008  33 570
   345.0000     23.4757     39.5396      6.7864   -192.4388    -26.2880    189.2867   -425.7943  47 570
   375.0000     22.4877     53.5326      5.8738   -166.5607    -21.2939    183.4154   -420.1428  58 570
    15.0000     22.2309     60.1354      5.6817   -161.1120    -17.3805    195.9338   -418.6830  62 570
    45.0000     22.1750     63.6167      4.8624   -137.8793    -14.1745    199.7854   -418.3639  64 570
    75.0000     22.4786     37.6882      4.2453   -120.3829    -13.7966    196.7734   -420.0856  43 570
   105.0000     22.4557     52.7965      5.3125   -150.6431    -17.2486    185.5481   -419.9595  65 570
   135.0000     22.1103     69.8382      5.6817   -161.1134    -14.7083    187.2717   -418.0033  72 570
   165.0000     21.9209     74.5326      5.8952   -167.1668    -14.4447    206.8038   -416.9290  77 570
   195.0000     21.6102     78.4250      5.4306   -153.9918    -11.4813    216.4529   -415.1750  79 570
   225.0000     21.7894     78.0000      3.8240   -108.4361      0.4125    226.9533   -416.1835  78 570
   255.0000     22.9042     23.0299      4.1222   -116.8917      5.5276    247.9975   -422.5109  26 570
   285.0000     23.9024     26.8333      4.0468   -114.7534      2.9349    250.4815   -428.2388  27 570
   315.0000     24.6553     26.6111      5.2715   -149.4819    -16.8543    219.8883   -432.6008  33 570
   345.0000     23.4757     39.5403      6.7864   -192.4388    -26.2880    189.2867   -425.7943  47 570
   375.0000     22.4877     53.5354      5.8738   -166.5607    -21.2939    183.4154   -420.1428  58 570
    15.0000     22.2309     60.1384      5.6817   -161.1120    -17.3805    195.9338   -418.6830  62 570
    45.0000     22.1750     63.6181      4.8624   -137.8793    -14.1745    199.7854   -418.3639  64 570
    75.0000     22.4786     37.6882      4.2453   -120.3829    -13.7966    196.7734   -420.0856  43 570
   105.0000     22.4557     52.7972      5.3125   -150.6431    -17.2486    185.5481   -419.9595  65 570
   135.0000     22.1103     69.8715      5.6818   -161.1145    -14.7087    187.2717   -418.0035  73 570
   165.0000     21.9224     75.3778      5.8971   -167.2209    -14.4617    206.8038   -416.9372  79 570
   195.0000     21.6128     79.7299      5.4339   -154.0859    -11.5105    216.4529   -415.1897  80 570
   225.0000     21.7894     80.0000      3.8240   -108.4361      0.4125    226.9533   -416.1835  80 570
   255.0000     22.9042     23.0299      4.1222   -116.8917      5.5276    247.9975   -422.5109  26 570
   285.0000     23.9024     26.8333      4.0468   -114.7534      2.9349    250.4815   -428.2388  27 570
   315.0000     24.6553     26.6111      5.2715   -149.4819    -16.8543    219.8883   -432.6008  33 570
   345.0000     23.4757     39.5403      6.7864   -192.4388    -26.2880    189.2867   -425.7943  47 570
   375.0000     22.4877     53.5354      5.8738   -166.5607    -21.2939    183.4154   -420.1428  58 570
    15.0000     22.2309     60.1384      5.6817   -161.1120    -17.3805    195.9338   -418.6830  62 570
    45.0000     22.1750     63.6181      4.8624   -137.8793    -14.1745    199.7854   -418.3639  64 570
    75.0000     22.4786     37.6882      4.2453   -120.3829    -13.7966    196.7734   -420.0856  43 570
   105.0000     22.4557     52.7972      5.3125   -150.6431    -17.2486    185.5481   -419.9595  65 570
   135.0000     22.1103     69.9097      5.6818   -161.1144    -14.7087    187.2717   -418.0035  73 570
   165.0000     21.9229     75.9181      5.8978   -167.2399    -14.4677    206.8038   -416.9402  80 570
   195.0000     21.6201     80.8042      5.4422   -154.3230    -11.5809    216.4529   -415.2289  81 570
   225.0000     21.7998     81.0000      3.8372   -108.8107      0.3419    226.9533   -416.2417  81 570
   255.0000     22.9077     23.1007      4.1265   -117.0126      5.5117    247.9975   -422.5309  26 570
   285.0000     23.9036     26.8674      4.0484   -114.7983      2.9286    250.4815   -428.2457  27 570
   315.0000     24.6560     26.6431      5.2723   -149.5031    -16.8600    219.8883   -432.6046  33 570
   345.0000     23.4781     39.6236      6.7890   -192.5113    -26.3090    189.2867   -425.8080  47 570
   375.0000     22.4912     53.7250      5.8775   -166.6651    -21.3254    183.4154   -420.1623  59 570
   405.0000     22.3021     59.7424      4.7192   -133.8186    -14.9332    200.7797   -419.0863  60 570
   435.0000     22.5509     42.7965      4.9592   -140.6265    -12.7856    221.1669   -420.5013  48 570
   465.0000     22.5939     53.7069      5.6007   -158.8173    -13.6393    212.0382   -420.7458  60 570
   495.0000     22.4587     62.1333      5.4970   -155.8749    -12.5720    197.1364   -419.9777  63 570
   525.0000     22.2877     67.2285      6.1628   -174.7568     -9.2529    203.4774   -419.0060  73 570
   555.0000     21.8827     78.3410      6.2909   -178.3877     -5.6557    209.4685   -416.7114  80 570
   585.0000     21.8882     80.0000      4.7632   -135.0682      1.3535    223.4311   -416.7416  80 570
   615.0000     22.8041     27.0000      3.3789    -95.8143      4.5752    233.9823   -421.9412  27 570
   645.0000     24.2301     20.7222      3.7276   -105.7022     -1.7327    237.0650   -430.1313  23 570
   675.0000     24.5751     27.3146      5.6099   -159.0757    -17.9497    219.8934   -432.1369  34 570
   705.0000     23.3500     41.6306      6.8869   -195.2874    -24.0816    193.9094   -425.0718  50 570
   735.0000     22.4562     58.3826      6.1425   -174.1796    -22.0952    189.1599   -419.9640  66 570
   765.0000     22.2373     67.5868      4.7162   -133.7338    -15.4328    197.3490   -418.7158  68 570
   795.0000     22.5571     37.6271      4.2755   -121.2384    -12.9896    205.7103   -420.5336  41 570
   825.0000     22.6623     47.0132      5.3732   -152.3656    -15.5703    203.6347   -421.1338  56 570
   855.0000     22.3335     68.2215      5.9993   -170.1202    -15.6129    197.4612   -419.2663  76 570
   885.0000     21.9366     80.2868      6.1530   -174.4778    -14.2875    205.4575   -417.0178  83 570
   915.0000     21.5690     83.7632      5.8243   -165.1578     -9.7680    220.5676   -414.9410  84 570
   945.0000     21.7272     83.0000      3.7313   -105.8064     -0.7557    220.9459   -415.8322  83 570
   975.0000     22.9332     20.2569      3.3927    -96.2049      1.9818    227.8495   -422.6771  23 570
  1005.0000     24.0412     23.7069      3.3385    -94.6671     -3.4845    231.9830   -429.0393  24 570
  1035.0000     24.8152     24.5354      5.2044   -147.5793    -16.9120    222.1826   -433.5311  31 570
  1065.0000     23.5462     37.9444      7.6384   -216.5982    -20.8122    212.0562   -426.2000  46 570
  1095.0000     22.5092     52.2243      6.3905   -181.2106    -19.4940    204.9359   -420.2645  56 570
  1125.0000     22.4025     56.8972      4.6762   -132.5993    -13.6387    207.5034   -419.6554  57 570
  1155.0000     22.7469     38.8007      4.6803   -132.7159    -12.4695    217.9320   -421.6150  43 570
  1185.0000     22.8030     49.2076      5.6486   -160.1740    -15.5424    210.9459   -421.9364  57 570
  1215.0000     22.4815     60.9382      5.5673   -157.8692    -14.7117    192.0556   -420.1062  64 570
  1245.0000     22.2112     67.6250      5.7678   -163.5530     -8.6661    197.5445   -418.5715  72 570
  1275.0000     21.9242     76.7083      5.6659   -160.6645     -5.0516    205.3919   -416.9453  80 570
  1305.0000     21.9684     80.0000      4.1493   -117.6584      0.4308    212.5893   -417.1949  80 570
  1335.0000     22.9078     24.0000      3.4904    -98.9755      4.2935    225.4844   -422.5317  24 570
  1365.0000     24.1090     22.8813      3.1137    -88.2938     -6.0188    216.7589   -429.4308  23 570
  1395.0000     24.5936     26.7021      4.4835   -127.1357    -26.2594    190.2760   -432.2441  33 570
  1425.0000     23.3155     41.5000      6.2692   -177.7722    -25.2615    176.0044   -424.8738  49 570
  1455.0000     22.5233     56.5250      5.6973   -161.5561    -18.4335    180.1522   -420.3445  62 570
  1485.0000     22.4325     62.9583      4.4790   -127.0089    -11.5358    201.7703   -419.8253  63 570
  1515.0000     22.9760     31.6833      4.4368   -125.8127    -11.5715    211.8953   -422.9207  36 570
  1545.0000     23.0188     42.7986      5.6320   -159.7033    -14.6729    207.4551   -423.1686  51 570
  1575.0000     22.6954     58.9917      6.3210   -179.2410     -7.6450    215.2431   -421.3227  65 570
  1605.0000     22.4919     67.6590      6.0976   -172.9078      0.2578    211.1547   -420.1647  71 570
  1635.0000     22.3834     71.9062      5.4276   -153.9082      0.2941    201.6326   -419.5465  72 570
  1665.0000     22.5971     72.9250      3.5710   -101.2607     -0.2664    204.6646   -420.7608  73 570
  1695.0000     23.5005     25.0493      3.9663   -112.4691      0.2149    230.8130   -425.9254  29 570
  1725.0000     24.1824     29.8653      3.7228   -105.5650     -4.8548    234.9498   -429.8553  30 570
  1755.0000     24.8514     27.6514      4.7904   -135.8383    -20.8893    211.4439   -433.7408  36 570
  1785.0000     23.6975     45.0451      7.2775   -206.3635    -27.3108    190.5985   -427.0701  57 570
  1815.0000     22.5669     71.7042      6.7737   -192.0788    -28.8874    176.9831   -420.5952  81 570
  1845.0000     22.1475     81.8208      4.9508   -140.3877    -19.7506    195.6913   -418.2067  82 570
  1875.0000     22.4217     38.5042      4.7810   -135.5710    -15.6043    214.3310   -419.7648  47 570
  1905.0000     22.3035     62.5049      6.2910   -178.3919    -16.5468    211.4311   -419.0948  82 570
  1935.0000     21.9346     83.7083      7.1482   -202.6975     -8.0640    214.6849   -417.0070  85 570
  1965.0000     21.5390     86.4215      7.2020   -204.2236     -1.4392    216.7599   -414.7754  88 570
  1995.0000     21.1966     88.0000      5.4453   -154.4099      0.8809    202.0049   -412.8492  88 570
  2025.0000     21.5356     48.0000      3.3456    -94.8695      4.1084    205.1419   -414.7522  48 570
  2055.0000     22.7059     22.1306      3.7231   -105.5734      4.3277    238.4874   -421.3801  24 570
  2085.0000     23.7008     25.5826      3.8516   -109.2176     -1.5327    246.5490   -427.0768  26 570
  2115.0000     24.2734     27.2056      5.1769   -146.7976    -21.8131    212.0709   -430.3875  34 570
  2145.0000     22.9680     40.6660      6.5914   -186.9083    -24.4165    185.6590   -422.8853  47 570
  2175.0000     22.1683     52.3993      5.7342   -162.6028    -19.1696    191.3569   -418.3330  56 570
  2205.0000     21.9830     57.8611      5.3397   -151.4142    -19.1187    191.4633   -417.2791  61 570
  2235.0000     21.8350     62.8042      5.0398   -142.9101    -14.4314    196.6719   -416.4482  64 570
  2265.0000     21.8487     61.8125      5.4838   -155.5016    -11.4536    205.5152   -416.5195  67 570
  2295.0000     21.6917     70.2271      6.0220   -170.7617     -8.2118    206.2360   -415.6330  72 570
  2325.0000     21.5919     74.7063      6.2183   -176.3286     -3.4783    212.3779   -415.0700  81 570
  2355.0000     21.3791     84.9333      5.7194   -162.1820     -3.0138    215.1862   -413.8704  86 570
  2385.0000     21.4731     86.0000      4.2163   -119.5604      1.1300    222.6689   -414.4009  86 570
  2415.0000     22.3679     27.0000      3.2781    -92.9548      2.6109    224.1772   -419.4586  27 570
  2445.0000     23.7522     20.7451      3.2305    -91.6068     -0.9264    223.6527   -427.3735  21 570
  2475.0000     24.3342     25.6139      5.5800   -158.2289    -15.2375    212.7001   -430.7407  33 570
  2505.0000     22.9753     40.7069      6.8960   -195.5452    -20.0025    193.4433   -422.9267  48 570
  2535.0000     22.2089     53.4979      5.6241   -159.4796    -17.5569    183.5835   -418.5597  58 570
  2565.0000     22.0937     58.6167      4.4678   -126.6913    -13.8509    197.0728   -417.9030  59 570
  2595.0000     22.4113     38.9931      4.4938   -127.4295    -14.2493    209.9246   -419.7059  44 570
  2625.0000     22.4230     51.2347      5.5224   -156.5963    -16.2358    205.2843   -419.7730  59 570
  2655.0000     22.1738     62.3951      5.8003   -164.4775    -13.3453    204.3342   -418.3569  65 570
  2685.0000     21.9765     68.4174      5.8913   -167.0580    -14.4164    210.1331   -417.2429  74 570
  2715.0000     21.6160     81.3514      5.6835   -161.1629    -12.3070    218.9283   -415.2094  84 570
  2745.0000     21.6645     84.0000      4.1665   -118.1464     -1.3638    232.7134   -415.4786  84 570
  2775.0000     22.6921     23.0000      3.3923    -96.1940      3.1598    239.4311   -421.3017  23 570
  2805.0000     23.9803     23.0000      2.7590    -78.2369     -6.2663    217.8318   -428.6880  23 570
  2835.0000     24.5904     24.8396      4.5663   -129.4842    -26.8784    193.3865   -432.2276  33 570
  2865.0000     23.0205     42.0069      6.6416   -188.3311    -25.7834    176.0477   -423.1872  51 570
  2895.0000     22.1638     58.1014      5.5244   -156.6537    -17.5185    173.6503   -418.3074  63 570
  2925.0000     22.0979     63.0000      4.3800   -124.2019    -11.2956    191.4768   -417.9277  63 570
  2955.0000     22.5735     32.4757      4.0600   -115.1271     -8.7783    205.6193   -420.6267  34 570
  2985.0000     22.8599     38.3729      5.2763   -149.6183    -11.9264    205.2486   -422.2606  46 570
  3015.0000     22.5225     53.7986      6.0042   -170.2569    -10.0516    206.5852   -420.3395  61 570
  3045.0000     22.2466     66.0729      6.0660   -172.0108     -8.2011    211.9465   -418.7730  71 570
  3075.0000     22.0323     72.8104      5.3754   -152.4273     -4.2692    217.4929   -417.5586  73 570
  3105.0000     22.3398     57.9854      3.5879   -101.7402      1.7849    220.5879   -419.2982  58 570
  3135.0000     23.5919     22.0000      2.6625    -75.4995     -0.8203    217.4135   -426.4520  22 570
  3165.0000     25.1516     18.3889      2.5580    -72.5346    -12.2271    220.2953   -435.4874  20 570
  3195.0000     25.4438     25.0028      5.3370   -151.3379    -26.8763    211.9702   -437.2066  32 570
  3225.0000     23.8182     40.0896      7.2297   -205.0090    -22.1467    201.1188   -427.7642  47 570
  3255.0000     22.9446     53.3965      6.1044   -173.0997    -18.3984    193.5799   -422.7461  59 570
  3285.0000     22.6821     60.6910      4.9614   -140.6870    -14.9153    199.9977   -421.2473  61 570
  3315.0000     22.8872     43.7111      4.5106   -127.9042    -13.0068    209.1295   -422.4147  45 570
  3345.0000     23.0126     50.4007      5.3853   -152.7090    -15.4591    209.1241   -423.1326  59 570
  3375.0000     22.7167     65.8938      6.6843   -189.5438    -12.1252    211.7943   -421.4455  72 570
  3405.0000     22.2842     76.8639      6.7059   -190.1548     -4.0502    210.6500   -418.9881  80 570
  3435.0000     22.1834     80.0000      5.4436   -154.3621     -1.9122    209.0377   -418.4106  80 570
  3465.0000     22.4034     79.9819      3.6280   -102.8776      0.1037    209.3755   -419.6594  80 570
  3495.0000     23.3296     25.0625      3.6227   -102.7268      0.8005    226.2691   -424.9448  26 570
  3525.0000     24.3109     26.9764      3.3682    -95.5110     -5.5043    232.1453   -430.5991  27 570
  3555.0000     24.8399     27.9604      5.3430   -151.5097    -22.3686    201.3434   -433.6777  37 570
  3585.0000     23.2195     49.1729      7.3894   -209.5372    -26.0853    172.2941   -424.3273  65 570
  3615.0000     22.1201     80.9021      6.7023   -190.0538    -26.5695    158.4854   -418.0590  87 570
  3645.0000     21.5690     87.8431      4.8409   -137.2717    -17.8958    163.2856   -414.9410  88 570
  3675.0000     21.7444     38.9847      3.7726   -106.9780    -11.7373    185.3850   -415.9291  39 570
  3705.0000     21.8972     46.7833      5.5245   -156.6566    -12.5787    203.5945   -416.7942  60 570
  3735.0000     21.5933     80.2958      6.4529   -182.9827     -7.9774    209.7616   -415.0823  87 570
  3765.0000     21.4845     87.8854      6.2950   -178.5037     -8.3592    211.9751   -414.4675  89 570
  3795.0000     21.2316     89.9660      5.4788   -155.3609     -6.8106    214.6016   -413.0515  90 570
  3825.0000     21.4069     89.0000      3.6307   -102.9552     -0.7860    217.1379   -414.0284  89 570
  3855.0000     22.5637     22.0000      3.0676    -86.9873      1.3798    229.2883   -420.5716  22 570
  3885.0000     24.0018     21.0000      3.0372    -86.1239     -3.4375    230.4214   -428.8126  21 570
  3915.0000     24.6315     24.4986      5.3606   -152.0067    -16.8625    207.6460   -432.4662  31 570
  3945.0000     23.0534     39.0139      6.7247   -190.6898    -19.0012    174.5673   -423.3750  46 570
  3975.0000     22.1518     51.8722      5.6779   -161.0037    -15.5931    179.7770   -418.2362  56 570
  4005.0000     22.0072     56.7306      4.5147   -128.0201    -11.3146    188.7620   -417.4135  57 570
  4035.0000     22.1870     44.3319      3.9835   -112.9594    -12.7800    178.3142   -418.4371  51 570
  4065.0000     22.2156     55.1639      4.8831   -138.4683    -12.8449    193.1359   -418.5943  58 570
  4095.0000     22.1901     59.0368      5.5725   -158.0170    -10.1606    205.7919   -418.4525  61 570
  4125.0000     21.9978     64.2028      6.1476   -174.3246     -6.6105    209.1326   -417.3642  69 570
  4155.0000     21.6422     74.6069      6.1481   -174.3388     -5.3138    220.3569   -415.3579  80 570
  4185.0000     21.6479     80.0000      4.1934   -118.9089     -0.1293    219.0843   -415.3850  80 570
  4215.0000     22.6472     21.7062      3.1456    -89.1973      1.9342    214.9184   -421.0460  22 570
  4245.0000     23.8398     22.9889      3.0146    -85.4837     -4.9401    221.5927   -427.8776  23 570
  4275.0000     24.4145     26.0056      5.2549   -149.0117    -20.2858    213.2429   -431.2059  33 570
  4305.0000     23.0260     41.5910      6.9840   -198.0413    -22.2776    191.7910   -423.2175  50 570
  4335.0000     22.1817     57.4028      5.7141   -162.0322    -17.5365    180.3299   -418.4070  62 570
  4365.0000     22.1152     62.6750      4.3212   -122.5346    -12.6097    191.8352   -418.0254  63 570
  4395.0000     22.5563     33.7618      4.2054   -119.2509    -11.8127    204.1426   -420.5288  38 570
  4425.0000     22.6036     45.2458      5.5757   -158.1076    -16.3567    198.9979   -420.8011  57 570
  4455.0000     22.2145     64.4472      5.4829   -155.4745    -14.2078    191.6092   -418.5892  67 570
  4485.0000     22.1704     67.3569      5.0133   -142.1596     -9.0949    199.0477   -418.3394  68 570
  4515.0000     22.1450     69.3833      5.2848   -149.8588    -11.5307    204.3277   -418.1978  72 570
  4545.0000     22.1336     72.9993      3.9418   -111.7744     -5.4190    211.0252   -418.1299  73 570
  4575.0000     23.0604     23.3806      3.3458    -94.8760      0.8661    230.1544   -423.4037  24 570
  4605.0000     24.0452     25.4924      2.9269    -82.9953    -12.1973    211.1842   -429.0619  26 570
  4635.0000     24.3502     29.2167      4.3165   -122.4019    -30.9449    187.1496   -430.8329  36 570
  4665.0000     23.1235     46.2257      6.6735   -189.2368    -24.7566    192.4667   -423.7727  56 570
  4695.0000     22.4354     64.9035      6.0411   -171.3038    -18.1518    195.8615   -419.8417  72 570
  4725.0000     22.3266     72.0000      4.8168   -136.5876    -14.5203    202.8767   -419.2247  72 570
  4755.0000     22.5873     41.0187      4.7579   -134.9182    -12.2743    214.7062   -420.7079  47 570
  4785.0000     22.6094     53.7687      5.7587   -163.2965    -12.3743    213.6129   -420.8328  63 570
  4815.0000     22.4138     71.3326      6.0035   -170.2383    -11.1630    209.6047   -419.7209  75 570
  4845.0000     22.2671     76.3250      5.7133   -162.0079     -9.6839    200.6965   -418.8867  78 570
  4875.0000     22.1357     80.0771      5.6728   -160.8608    -12.1795    203.0855   -418.1456  83 570
  4905.0000     21.9632     83.8347      5.1271   -145.3877     -6.0407    228.8625   -417.1635  84 570
  4935.0000     22.3151     42.0000      4.4225   -125.4064      3.7035    241.7658   -419.1584  42 570
  4965.0000     23.3819     30.0000      3.1083    -88.1400     -0.1019    231.2308   -425.2462  30 570
  4995.0000     24.3689     23.1201      4.9089   -139.1982    -17.4269    210.2333   -430.9401  34 570
  5025.0000     23.0717     45.2306      7.2541   -205.6994    -20.3717    195.2200   -423.4776  56 570
  5055.0000     22.2704     68.4521      6.1144   -173.3829    -20.2327    185.8028   -418.9062  80 570
  5085.0000     22.1089     80.6792      4.7678   -135.1970    -17.0133    190.5015   -417.9892  81 570
  5115.0000     22.2985     42.5681      4.3243   -122.6205    -14.9962    205.5035   -419.0646  44 570
  5145.0000     22.4357     49.7382      5.6389   -159.9007    -13.8669    219.3268   -419.8450  58 570
  5175.0000     22.3113     65.1576      6.3656   -180.5074     -6.2448    222.7283   -419.1373  69 570
  5205.0000     22.2115     77.6431      6.5889   -186.8374     -2.3361    212.4365   -418.5737  84 570
  5235.0000     21.9025     86.1160      6.6018   -187.2046     -3.9270    214.5521   -416.8235  87 570
  5265.0000     21.8625     87.0000      4.7835   -135.6443     -0.9705    222.7686   -416.5970  87 570
  5295.0000     22.5004     28.9486      4.2443   -120.3524      4.5315    234.7643   -420.2105  31 570
  5325.0000     23.3104     31.9937      4.1700   -118.2465      6.4356    245.0087   -424.8353  32 570
  5355.0000     24.0594     28.2417      5.4419   -154.3141     -8.2506    218.6646   -429.1473  36 570
  5385.0000     23.1982     42.8729      6.4244   -182.1722    -20.0894    191.2442   -424.1995  50 570
  5415.0000     22.4504     57.8729      5.8032   -164.5587    -19.9585    183.4414   -419.9308  65 570
  5445.0000     22.2132     67.0083      4.7600   -134.9761    -17.2243    185.7798   -418.5796  68 570
  5475.0000     22.2584     67.7625      4.3330   -122.8682    -14.7686    195.8256   -418.8374  68 570
  5505.0000     22.3407     58.9340      5.4868   -155.5869    -14.8682    211.5848   -419.3050  69 570
  5535.0000     22.2217     72.3951      6.3688   -180.5958     -9.4569    213.7263   -418.6329  73 570
  5565.0000     22.0744     79.8639      6.4849   -183.8878     -5.2498    202.6145   -417.7975  87 570
  5595.0000     21.8230     87.0000      6.1102   -173.2628     -2.8696    204.3283   -416.3804  87 570
  5625.0000     21.9420     87.0000      4.2156   -119.5382      1.4382    212.1813   -417.0452  87 570
  5655.0000     22.8139     24.8465      3.7752   -107.0501      4.6380    223.9286   -421.9961  26 570
  5685.0000     23.7611     26.6090      3.0865    -87.5228     -6.4112    210.4642   -427.4235  27 570
  5715.0000     24.2805     27.1674      4.1310   -117.1393    -27.9886    183.6652   -430.4280  35 570
  5745.0000     22.9821     45.3514      6.7892   -192.5180    -26.6333    172.5901   -422.9674  58 570
  5775.0000     22.0724     72.4208      6.0128   -170.5006    -18.6068    180.3000   -417.7834  82 570
  5805.0000     21.9575     83.2861      4.6779   -132.6488    -14.2222    193.9273   -417.1296  84 570
  5835.0000     22.1344     44.9139      4.4176   -125.2663    -13.2224    202.0579   -418.1342  46 570
  5865.0000     22.2438     52.0535      5.5155   -156.3988    -12.8071    209.9571   -418.7566  61 570
  5895.0000     22.1244     67.5257      6.0491   -171.5325     -9.9478    210.5699   -418.0794  71 570
  5925.0000     22.1177     72.7646      5.8361   -165.4907     -6.6051    208.1891   -418.0407  74 570
  5955.0000     22.1177     75.2396      5.5793   -158.2106     -3.5604    207.1917   -418.0407  77 570
  5985.0000     22.1963     78.5278      4.6167   -130.9145      2.4701    221.9622   -418.4853  79 570
  6015.0000     22.8628     31.0000      4.1795   -118.5167      6.1628    241.7217   -422.2750  31 570
  6045.0000     23.9870     27.0000      3.0318    -85.9711     -3.5377    226.6997   -428.7270  27 570
  6075.0000     24.8843     23.6236      4.3565   -123.5351    -21.2912    202.0565   -433.9328  33 570
  6105.0000     23.6452     41.6771      7.1055   -201.4871    -24.2992    193.5811   -426.7687  52 570
  6135.0000     22.6023     63.2653      6.4388   -182.5809    -23.0142    189.5096   -420.7953  74 570
  6165.0000     22.3103     78.1174      4.8229   -136.7594    -17.9740    191.3141   -419.1317  79 570
  6195.0000     22.4440     47.2944      4.3527   -123.4272    -14.8614    192.7634   -419.8862  54 570
  6225.0000     22.3950     68.2576      6.1938   -175.6349    -14.4752    206.9667   -419.6144  83 570
  6255.0000     22.1262     85.4750      7.0041   -198.6115     -6.2788    215.1985   -418.0896  86 570
  6285.0000     22.0306     86.3458      6.7932   -192.6304     -3.9409    208.7498   -417.5493  88 570
  6315.0000     21.7159     89.5000      5.8240   -165.1472     -4.0590    209.6256   -415.7745  90 570
  6345.0000     21.8323     88.9285      3.9786   -112.8186     -0.5172    225.1695   -416.4251  89 570
  6375.0000     22.8242     27.0000      3.1497    -89.3139      0.5967    238.3640   -422.0551  27 570
  6405.0000     24.2194     21.6056      3.1779    -90.1148     -5.0027    231.1891   -430.0695  22 570
  6435.0000     24.7611     26.1104      5.2012   -147.4876    -19.1849    211.2792   -433.2179  33 570
  6465.0000     23.4197     40.2590      6.8793   -195.0738    -23.6490    192.0550   -425.4728  48 570
  6495.0000     22.4684     55.4361      6.0765   -172.3066    -22.0287    188.7576   -420.0338  62 570
  6525.0000     22.1896     64.1681      4.9012   -138.9804    -17.5043    191.8426   -418.4429  65 570
  6555.0000     22.1896     66.2549      4.6416   -131.6190    -13.3371    202.6822   -418.4439  67 570
  6585.0000     22.1768     68.5965      5.3251   -151.0008    -15.2883    197.6745   -418.3747  72 570
  6615.0000     21.9933     77.1882      5.4344   -154.0992    -17.3351    195.5870   -417.3369  81 570
  6645.0000     21.9310     82.2222      5.6063   -158.9753    -12.0082    209.3797   -416.9854  84 570
  6675.0000     21.9121     84.4604      5.6128   -159.1597     -7.0760    209.5311   -416.8754  85 570
  6705.0000     22.0265     85.0000      4.2979   -121.8743     -0.0533    224.0725   -417.5235  85 570
  6735.0000     22.9642     24.7396      3.7398   -106.0455      4.3200    243.1513   -422.8538  25 570
  6765.0000     24.0433     25.7208      3.6242   -102.7703     -1.2535    229.6003   -429.0511  26 570
  6795.0000     24.5012     28.3167      4.7522   -134.7545    -20.2305    187.7110   -431.7072  35 570
  6825.0000     23.2226     43.8896      6.2635   -177.6100    -24.2895    155.9326   -424.3423  54 570
  6855.0000     22.3104     64.9667      5.3964   -153.0218    -18.2050    156.5600   -419.1377  72 570
  6885.0000     22.1987     72.0000      4.2216   -119.7097    -12.0147    171.4131   -418.4992  72 570
  6915.0000     22.4837     36.7507      3.9356   -111.5991    -10.4497    184.4203   -420.1163  38 570
  6945.0000     22.6849     42.8194      5.2099   -147.7337    -12.3675    193.5472   -421.2627  51 570
  6975.0000     22.4427     60.8542      5.6929   -161.4294    -12.7755    205.4864   -419.8892  67 570
  7005.0000     22.2959     73.7479      6.0427   -171.3488    -12.2569    216.1532   -419.0516  83 570
  7035.0000     21.9708     86.6090      6.1573   -174.6008     -8.6276    219.1260   -417.2110  88 570
  7065.0000     22.0075     87.0000      4.2683   -121.0336     -0.5353    221.3411   -417.4151  87 570
  7095.0000     23.0120     22.5993      3.5565   -100.8495      3.8933    226.5610   -423.1269  24 570
  7125.0000     24.1730     24.0000      3.6236   -102.7518      0.0988    233.2492   -429.8010  24 570
  7155.0000     24.7000     27.3660      5.9168   -167.7807    -10.6035    223.1026   -432.8622  34 570
  7185.0000     23.3440     42.7007      7.3265   -207.7546    -18.1170    192.7711   -425.0386  52 570
  7215.0000     22.4059     61.6979      5.8556   -166.0450    -22.5687    179.0744   -419.6786  71 570
  7245.0000     22.1974     72.5215      4.8056   -136.2707    -14.8436    202.6570   -418.4920  73 570
  7275.0000     22.4676     40.6007      4.4115   -125.0949    -14.3949    202.3798   -420.0238  47 570
  7305.0000     22.3709     60.4639      5.9684   -169.2429    -18.6634    196.9853   -419.4781  79 570
  7335.0000     21.9266     86.9403      7.1413   -202.5011     -9.9703    215.4230   -416.9583  89 570
  7365.0000     21.6808     89.7285      7.1869   -203.7949     -4.4813    220.0181   -415.5734  91 570
  7395.0000     21.2840     92.5986      6.3215   -179.2549     -3.5124    217.9371   -413.3431  93 570
  7425.0000     21.4076     92.0000      3.6345   -103.0626      0.9173    206.3120   -414.0321  92 570
  7455.0000     22.6406     18.6444      2.9349    -83.2221      1.3443    211.4459   -421.0092  21 570
  7485.0000     23.8449     21.6750      3.2258    -91.4726     -3.8088    226.2366   -427.9071  22 570
  7515.0000     24.3426     25.4486      4.9127   -139.3076    -19.3536    199.1123   -430.7898  32 570
  7545.0000     22.9034     39.4396      6.4924   -184.1030    -22.1837    179.4536   -422.5177  47 570
  7575.0000     22.0454     53.0972      5.7937   -164.2893    -17.9657    188.3997   -417.6338  58 570
  7605.0000     21.8635     59.2590      4.7009   -133.2996    -16.2993    193.9701   -416.5993  60 570
  7635.0000     22.0113     47.1778      4.2803   -121.3730    -15.4571    197.6941   -417.4378  48 570
  7665.0000     22.0989     54.1194      5.7073   -161.8391    -13.9678    212.8957   -417.9344  62 570
  7695.0000     21.8244     66.5167      7.1550   -202.8906     -3.1096    233.0152   -416.3838  71 570
  7725.0000     21.5080     79.3438      7.3446   -208.2681     -0.4407    230.2767   -414.6002  90 570
  7755.0000     21.0789     93.1104      6.6436   -188.3905     -4.4569    229.0541   -412.1894  94 570
  7785.0000     21.1141     93.0000      4.2374   -120.1582      2.2787    230.7461   -412.3847  93 570
  7815.0000     22.2678     21.4271      3.7556   -106.4965      7.0003    240.5333   -418.8899  23 570
  7845.0000     23.5931     23.0000      3.4842    -98.7984      2.6611    239.2140   -426.4586  23 570
  7875.0000     24.4124     23.8222      4.6728   -132.5036    -17.5213    198.5907   -431.1924  30 570
  7905.0000     23.0462     36.7514      6.1218   -173.5915    -23.0529    169.1564   -423.3339  43 570
  7935.0000     21.9769     50.7160      6.0481   -171.5043    -21.4850    165.1454   -417.2487  59 570
  7965.0000     21.4947     63.2299      4.5606   -129.3222    -14.2779    181.8883   -414.5230  64 570
  7995.0000     22.0141     28.8167      3.7983   -107.7067    -10.9765    204.2285   -417.4531  31 570
  8025.0000     22.2864     36.8993      5.5068   -156.1524    -14.2982    215.3622   -418.9980  45 570
  8055.0000     21.9377     52.7500      6.3602   -180.3536     -7.9456    220.0865   -417.0247  58 570
  8085.0000     21.7215     64.1472      6.2793   -178.0603     -4.9468    215.7352   -415.8026  70 570
  8115.0000     21.4785     72.2521      5.4747   -155.2422     -3.6617    214.6310   -414.4309  73 570
  8145.0000     21.7175     73.0000      3.7396   -106.0411      0.1251    229.1129   -415.7774  73 570
  8175.0000     22.8501     23.0000      3.0046    -85.2000     -1.5906    237.3334   -422.2026  23 570
  8205.0000     24.2261     21.5632      2.7370    -77.6110     -8.8888    223.4938   -430.1080  22 570
  8235.0000     24.7409     25.7667      4.6572   -132.0629    -23.1595    200.2791   -433.1002  32 570
  8265.0000     23.4095     38.5708      6.4353   -182.4830    -25.9538    179.7188   -425.4148  46 570
  8295.0000     22.3486     53.6354      5.8562   -166.0601    -21.6695    164.2808   -419.3542  61 570
  8325.0000     21.9504     64.9965      4.5831   -129.9614    -13.9937    177.9165   -417.0948  66 570
  8355.0000     22.1867     39.5347      4.1724   -118.3137    -12.5696    191.5771   -418.4297  44 570
  8385.0000     22.2124     52.4278      5.2631   -149.2441    -16.7504    190.4612   -418.5782  66 570
  8415.0000     21.9462     70.0576      5.9282   -168.1028    -11.5933    206.1343   -417.0714  72 570
  8445.0000     21.7865     74.5708      6.3576   -180.2786     -7.7322    217.5444   -416.1694  79 570
  8475.0000     21.5394     81.7118      5.8797   -166.7280     -4.1595    226.6435   -414.7734  82 570
  8505.0000     21.7407     81.9451      4.0806   -115.7108      1.7832    231.1410   -415.9082  82 570
  8535.0000     22.7011     25.0000      3.6839   -104.4619      3.8087    233.9413   -421.3531  25 570
  8565.0000     23.9200     25.0000      3.1921    -90.5178     -2.4298    229.2949   -428.3401  25 570
  8595.0000     24.6090     25.5681      4.6185   -130.9631    -22.0449    195.7622   -432.3340  33 570
  8625.0000     23.1845     40.9931      6.2650   -177.6537    -25.9798    163.6621   -424.1253  49 570
  8655.0000     22.1935     58.0146      5.6690   -160.7532    -19.5026    158.7864   -418.4738  67 570
  8685.0000     21.9176     69.6424      4.3713   -123.9556    -10.8906    182.7510   -416.9077  70 570
  8715.0000     22.4183     30.4431      3.7854   -107.3404    -10.1394    197.1653   -419.7439  33 570
  8745.0000     22.6150     38.6840      5.0031   -141.8698    -15.9936    196.0514   -420.8651  46 570
  8775.0000     22.2944     54.5910      5.8021   -164.5264    -11.2793    204.9543   -419.0437  60 570
  8805.0000     22.0931     67.7042      6.2576   -177.4444     -6.5861    208.7577   -417.9030  75 570
  8835.0000     21.8082     81.0125      6.1502   -174.3981     -7.2365    215.1950   -416.2872  82 570
  8865.0000     21.8784     82.0000      4.5476   -128.9544     -1.1501    233.8844   -416.6848  82 570
  8895.0000     22.8035     25.0000      3.6120   -102.4233      4.3342    238.4746   -421.9368  25 570
  8925.0000     24.0532     23.0000      3.3507    -95.0133     -0.2675    225.7691   -429.1087  23 570
  8955.0000     24.6972     26.0035      4.9137   -139.3356    -17.8989    205.5931   -432.8454  32 570
  8985.0000     23.3962     40.6243      6.5015   -184.3589    -24.0472    174.9760   -425.3385  49 570
  9015.0000     22.4289     57.6632      5.4935   -155.7762    -19.2567    167.0719   -419.8082  64 570
  9045.0000     22.2332     65.4549      4.2805   -121.3800    -14.1620    179.6073   -418.6948  66 570
  9075.0000     22.4621     40.9965      3.9304   -111.4514    -12.8937    194.2151   -419.9938  41 570
  9105.0000     22.6077     47.5354      5.2791   -149.6980    -16.0853    196.1600   -420.8240  61 570
  9135.0000     22.2093     72.0125      6.5869   -186.7817    -10.7774    203.9288   -418.5620  81 570
  9165.0000     21.8174     85.0653      7.2800   -206.4347     -5.2338    221.1299   -416.3449  89 570
  9195.0000     21.4235     89.8326      6.2119   -176.1480     -3.1866    224.0400   -414.1225  90 570
  9225.0000     21.6960     90.0000      3.6962   -104.8108      2.9194    229.6100   -415.6560  90 570
  9255.0000     23.0589     19.7410      2.7880    -79.0589     -1.5751    225.6048   -423.3953  21 570
  9285.0000     24.3855     20.9167      2.6549    -75.2846     -9.1634    218.9252   -431.0315  22 570
  9315.0000     24.7637     25.4229      4.9433   -140.1735    -20.6979    198.7998   -433.2348  31 570
  9345.0000     23.2586     38.8972      6.2694   -177.7792    -22.9254    166.7014   -424.5499  46 570
  9375.0000     22.2974     52.5493      5.4581   -154.7731    -15.2699    167.6707   -419.0621  57 570
  9405.0000     22.1956     57.7160      4.4964   -127.5018     -6.3990    196.7161   -418.4819  58 570
  9435.0000     22.6984     32.7347      4.3384   -123.0226     -7.3212    208.7953   -421.3380  36 570
  9465.0000     22.8510     41.0944      5.5040   -156.0752    -12.8323    208.3673   -422.2099  49 570
  9495.0000     22.5453     55.4014      5.6834   -161.1626    -11.7942    206.6790   -420.4678  59 570
  9525.0000     22.3753     61.1028      5.5138   -156.3525    -11.1042    202.5884   -419.5027  65 570
  9555.0000     22.0482     68.8653      5.8559   -166.0538     -9.1694    217.1075   -417.6487  73 570
  9585.0000     22.0573     73.0000      3.9314   -111.4820     -1.1642    226.0591   -417.6971  73 570
  9615.0000     23.3354     19.1250      3.0652    -86.9183      2.1794    225.4577   -424.9786  21 570
  9645.0000     24.5519     21.6743      3.2241    -91.4245     -4.0340    220.6676   -431.9959  22 570
  9675.0000     24.9998     25.6931      5.0155   -142.2216    -18.7341    206.8302   -434.6083  32 570
  9705.0000     23.6095     39.5854      6.7794   -192.2394    -19.3044    188.5943   -426.5627  47 570
  9735.0000     22.6630     54.9007      5.9297   -168.1462    -16.5304    175.3409   -421.1407  62 570
  9765.0000     22.3382     65.4528      4.6994   -133.2581    -11.4459    184.7141   -419.2886  66 570
  9795.0000     22.5791     39.9201      4.1535   -117.7785    -11.0627    196.6208   -420.6588  42 570
  9825.0000     22.6267     52.0597      5.6415   -159.9746    -15.5116    198.3214   -420.9322  68 570
  9855.0000     22.2576     72.6243      5.8276   -165.2515    -14.7266    195.6820   -418.8363  74 570
  9885.0000     22.1482     75.8812      5.7226   -162.2720    -14.8643    205.5513   -418.2152  81 570
  9915.0000     21.9033     83.4549      5.3562   -151.8821    -11.1718    215.0632   -416.8244  84 570
  9945.0000     22.1193     84.0000      3.2853    -93.1589     -4.7147    214.5253   -418.0481  84 570
  9975.0000     23.2047     22.4861      3.1444    -89.1629     -2.4585    224.3002   -424.2289  24 570
 10005.0000     24.2041     24.9486      3.4111    -96.7257     -3.1356    228.5026   -429.9808  25 570
 10035.0000     24.5990     28.4451      4.9353   -139.9466    -19.5108    186.5020   -432.2773  35 570
 10065.0000     23.1117     45.3924      6.2189   -176.3471    -25.3038    144.8416   -423.7092  57 570
 10095.0000     22.1522     72.0167      5.4167   -153.5974    -17.5737    152.6212   -418.2377  81 570
 10125.0000     22.0450     81.8410      4.1742   -118.3670    -11.0382    172.7496   -417.6279  82 570
 10155.0000     22.2879     40.4875      4.3480   -123.2944     -9.1907    198.5616   -419.0045  44 570
 10185.0000     22.4012     49.1465      5.5284   -156.7661    -10.7517    211.1447   -419.6494  57 570
 10215.0000     22.2675     63.2333      5.7149   -162.0557     -9.0310    206.6341   -418.8891  67 570
 10245.0000     22.1902     73.6354      5.4991   -155.9365    -15.0627    204.0336   -418.4526  83 570
 10275.0000     22.0313     84.4410      4.8789   -138.3477    -13.9092    204.1540   -417.5566  85 570
 10305.0000     22.2192     83.3972      3.7726   -106.9767     -2.6924    213.7596   -418.6143  84 570
 10335.0000     23.1600     26.0000      3.2118    -91.0753     -0.3169    226.0830   -423.9738  26 570
 10365.0000     24.3786     22.7868      2.7932    -79.2041    -10.5142    218.4996   -430.9909  23 570
 10395.0000     24.7424     27.8174      4.4978   -127.5412    -28.2667    188.7633   -433.1107  35 570
 10425.0000     23.2838     45.0556      6.4115   -181.8068    -25.4623    165.0255   -424.6936  56 570
 10455.0000     22.3546     69.3757      5.7515   -163.0929    -19.5415    166.2668   -419.3839  82 570
 10485.0000     22.1719     82.0000      4.6195   -130.9941    -15.5123    177.8338   -418.3465  82 570
 10515.0000     22.1765     81.8361      4.3805   -124.2151    -14.3688    190.3451   -418.3750  83 570
 10545.0000     22.1507     83.6292      6.0756   -172.2829    -17.9332    202.1645   -418.2299  86 570
 10575.0000     21.8762     87.7299      6.3921   -181.2565    -12.7110    206.8835   -416.6754  88 570
 10605.0000     21.8154     88.1889      6.1210   -173.5708    -11.6782    210.6905   -416.3322  89 570
 10635.0000     21.6394     89.9521      5.4838   -155.5025    -10.1916    212.6757   -415.3324  90 570
 10665.0000     21.8514     89.0000      3.4297    -97.2552     -0.9053    210.3800   -416.5331  89 570
 10695.0000     23.1662     18.8222      2.9781    -84.4476      1.0264    229.4181   -424.0100  20 570
 10725.0000     24.4693     21.5854      2.9366    -83.2716     -8.8235    230.9936   -431.5166  22 570
 10755.0000     24.9317     25.2076      4.4063   -124.9482    -26.3359    189.0475   -434.2127  31 570
 10785.0000     23.3447     39.7785      6.5286   -185.1282    -24.4451    169.0923   -425.0443  48 570
 10815.0000     22.3126     56.7729      5.8187   -164.9994    -17.8899    174.6339   -419.1487  64 570
 10845.0000     22.0920     64.6778      4.8401   -137.2481    -14.3356    185.3927   -417.8954  66 570
 10875.0000     22.1151     66.5632      4.5656   -129.4637    -10.4381    201.0685   -418.0269  67 570
 10905.0000     22.2014     56.7354      5.4196   -153.6813    -11.5564    204.7682   -418.5161  69 570
 10935.0000     22.0943     70.4722      5.3655   -152.1475    -11.3270    205.4824   -417.9083  71 570
 10965.0000     22.0951     71.8826      4.9911   -141.5303     -7.1932    210.3207   -417.9062  73 570
 10995.0000     22.0923     73.1306      5.4353   -154.1255     -6.7198    219.4242   -417.8971  74 570
 11025.0000     22.2554     74.0000      4.0692   -115.3879     -0.1273    223.4136   -418.8195  74 570
 11055.0000     23.4703     20.0000      2.9118    -82.5696      1.5810    222.9530   -425.7530  20 570
 11085.0000     24.7809     21.1549      2.6878    -76.2174     -9.7403    215.3583   -433.3267  22 570
 11115.0000     25.1056     25.8694      4.5330   -128.5398    -26.1065    188.5968   -435.2278  33 570
 11145.0000     23.5682     41.6708      6.5985   -187.1105    -23.2962    175.2258   -426.3261  51 570
 11175.0000     22.6652     59.2090      5.8070   -164.6673    -16.0527    184.2596   -421.1509  65 570
 11205.0000     22.5478     65.7681      4.5846   -130.0042     -9.6260    194.6358   -420.4817  66 570
 11235.0000     22.8220     40.5986      4.4520   -126.2437     -9.9860    199.0412   -422.0457  45 570
 11265.0000     22.8744     51.0125      5.7925   -164.2557     -9.8437    214.6396   -422.3425  58 570
 11295.0000     22.7216     65.0681      6.2625   -177.5818     -4.3750    223.3377   -421.4731  68 570
 11325.0000     22.5872     71.0403      6.2831   -178.1671     -5.0939    217.1572   -420.7069  75 570
 11355.0000     22.2981     79.1188      6.1037   -173.0809     -6.6587    218.5867   -419.0728  81 570
 11385.0000     22.2891     81.0000      4.9586   -140.6071     -2.4791    231.4572   -419.0096  81 570
 11415.0000     22.8976     34.9993      3.7744   -107.0281      2.7421    244.8389   -422.4737  35 570
 11445.0000     24.2276     22.0000      3.2386    -91.8340     -1.6292    241.3662   -430.1175  22 570
 11475.0000     24.9330     26.2563      5.2658   -149.3189    -15.8272    219.3245   -434.2179  34 570
 11505.0000     23.6022     43.5153      7.0255   -199.2176    -19.7966    190.0010   -426.5209  54 570
 11535.0000     22.6785     65.1201      5.9668   -169.1988    -17.9977    180.1178   -421.2291  76 570
 11565.0000     22.4511     77.8965      4.7535   -134.7914    -14.0324    193.1077   -419.9291  79 570
 11595.0000     22.5919     46.4396      4.3977   -124.7023    -13.2399    202.8268   -420.7339  51 570
 11625.0000     22.5886     63.3743      5.7350   -162.6245    -14.8375    207.9705   -420.7148  81 570
 11655.0000     22.3507     83.3896      6.5258   -185.0477     -7.2660    215.4533   -419.3714  84 570
 11685.0000     22.3242     84.0000      6.3299   -179.4946     -2.7537    216.3477   -419.2147  84 570
 11715.0000     22.3026     84.0000      5.9032   -167.3946     -6.1806    223.5308   -419.0883  84 570
 11745.0000     22.4301     84.0000      4.1809   -118.5555     -2.1667    227.8830   -419.8111  84 570
 11775.0000     23.3997     23.0000      3.2164    -91.2069     -0.2710    225.3205   -425.3470  23 570
 11805.0000     24.5760     23.0000      2.5820    -73.2165    -11.8579    214.7846   -432.1360  23 570
 11835.0000     25.0557     26.8507      4.3779   -124.1415    -28.1753    194.7404   -434.9342  34 570
 11865.0000     23.6822     42.9347      6.6193   -187.7012    -25.2660    177.7454   -426.9810  53 570
 11895.0000     22.7145     65.2569      6.0523   -171.6211    -17.8583    174.3645   -421.4341  80 570
 11925.0000     22.4270     82.7694      4.9168   -139.4218    -12.8483    187.1404   -419.7985  83 570
 11955.0000     22.5616     48.9889      4.4547   -126.3195    -10.4123    209.9940   -420.5596  49 570
 11985.0000     22.7278     49.8493      5.7106   -161.9324    -12.3855    218.9247   -421.5069  64 570
 12015.0000     22.4625     80.2208      6.2292   -176.6370    -12.9178    213.0585   -420.0010  84 570
 12045.0000     22.3401     85.6292      6.1953   -175.6760    -11.3821    216.0818   -419.3019  87 570
 12075.0000     22.1851     87.0000      5.8691   -166.4269     -9.5795    223.7276   -418.4239  87 570
 12105.0000     22.3224     87.0000      3.9584   -112.2458     -4.0535    230.4579   -419.2002  87 570
 12135.0000     23.4144     23.0000      3.0406    -86.2214     -0.5814    236.8213   -425.4320  23 570
 12165.0000     24.8199     21.6799      2.9450    -83.5092     -6.5676    230.0654   -433.5540  22 570
 12195.0000     25.3007     25.8937      4.9368   -139.9905    -24.8604    204.1410   -436.3675  33 570
 12225.0000     23.6767     42.3958      6.8918   -195.4267    -25.5667    181.8849   -426.9510  52 570
 12255.0000     22.7355     60.4632      5.6694   -160.7638    -14.9359    181.0412   -421.5510  66 570
 12285.0000     22.6364     66.5743      4.6444   -131.6977     -8.9446    201.4497   -420.9855  67 570
 12315.0000     22.8369     46.6785      4.8004   -136.1216    -11.3224    207.6400   -422.1266  53 570
 12345.0000     22.8081     60.3833      5.6123   -159.1447    -13.8218    206.8350   -421.9651  68 570
 12375.0000     22.5672     74.4458      6.4950   -184.1759    -10.2196    216.5945   -420.5934  84 570
 12405.0000     22.1962     87.2625      7.1911   -203.9137     -8.8623    226.5826   -418.4876  90 570
 12435.0000     21.8293     90.7431      6.4716   -183.5114     -8.2218    236.6989   -416.4120  91 570
 12465.0000     21.9515     90.0000      4.1909   -118.8401     -0.6453    234.7941   -417.0988  90 570
 12495.0000     23.1937     22.0000      2.7280    -77.3560      0.5378    232.9442   -424.1685  22 570
 12525.0000     24.7871     18.9979      3.0930    -87.7070     -7.6317    233.9517   -433.3625  21 570
 12555.0000     25.0004     25.8062      5.2805   -149.7355    -21.1291    216.7334   -434.6133  32 570
 12585.0000     23.5979     39.5681      6.6627   -188.9306    -22.6707    184.8533   -426.4968  47 570
 12615.0000     22.6143     54.6514      5.6644   -160.6230    -16.4901    174.3939   -420.8632  60 570
 12645.0000     22.4413     60.8493      4.3864   -124.3834    -11.5824    191.9958   -419.8757  61 570
 12675.0000     22.7418     39.2903      4.2653   -120.9490    -11.9122    204.9778   -421.5847  43 570
 12705.0000     22.7714     51.2660      5.7878   -164.1218    -14.5272    210.4928   -421.7560  62 570
 12735.0000     22.3999     67.6715      6.7582   -191.6375     -6.8797    219.9118   -419.6411  72 570
 12765.0000     22.2479     73.3854      6.4198   -182.0426     -2.2649    221.4394   -418.7809  75 570
 12795.0000     22.2099     75.4028      5.5330   -156.8967     -3.8603    222.7332   -418.5609  76 570
 12825.0000     22.5365     76.0000      3.3513    -95.0309     -0.4109    220.0292   -420.4159  76 570
 12855.0000     23.7718     20.6396      3.3232    -94.2343     -1.4811    223.6979   -427.4857  24 570
 12885.0000     24.6407     24.8278      3.2884    -93.2487     -8.8861    231.3614   -432.5117  25 570
 12915.0000     25.0977     28.0806      5.2006   -147.4720    -21.6210    219.0240   -435.1787  34 570
 12945.0000     23.7721     42.4896      7.1311   -202.2132    -21.3934    197.3527   -427.4987  51 570
 12975.0000     22.7709     61.8861      6.3251   -179.3577    -20.6838    177.4589   -421.7563  74 570
 13005.0000     22.3751     78.4986      4.8245   -136.8070    -13.2002    190.7108   -419.5003  79 570
 13035.0000     22.6686     37.8743      4.7348   -134.2615     -9.5423    213.5584   -421.1679  45 570
 13065.0000     22.6539     53.1528      5.7155   -162.0727    -12.4133    212.7372   -421.0861  63 570
 13095.0000     22.4764     72.0847      6.0557   -171.7179    -10.2971    216.8656   -420.0827  76 570
 13125.0000     22.4141     80.1493      6.2637   -177.6172     -6.6072    222.3262   -419.7202  83 570
 13155.0000     22.3297     83.7694      5.7373   -162.6899     -6.0391    227.1496   -419.2503  84 570
 13185.0000     22.4814     84.0000      4.3818   -124.2533      0.3043    240.1193   -420.1028  84 570
 13215.0000     23.4692     26.0000      3.6319   -102.9894      3.8782    245.6435   -425.7462  26 570
 13245.0000     24.7804     22.7292      3.0702    -87.0609     -6.3391    227.8891   -433.3237  23 570
 13275.0000     25.3471     26.0507      4.6717   -132.4725    -26.4261    202.6237   -436.6371  33 570
 13305.0000     23.9111     41.8069      6.7563   -191.5842    -23.8794    179.7800   -428.2997  50 570
