1.0 15.0 278.81 56.64 2.17 111.28 274.17 80417.34 61.09 -20.0 -10.0 68.12 -22.0 -11.0
1.0 45.0 280.78 49.76 2.45 151.64 277.82 80248.05 40.34 -20.0 -10.0 52.26 -22.0 -11.0
1.0 75.0 283.75 40.34 2.93 212.48 281.57 80045.18 23.92 -20.0 -10.0 43.99 -22.0 -11.0
1.0 105.0 288.57 30.57 3.24 282.84 291.92 79969.16 0.0 -20.0 -10.0 26.31 -22.0 -11.0
1.0 135.0 294.57 22.92 3.02 339.32 310.23 80133.85 0.0 -20.0 -10.0 15.01 -22.0 -11.0
1.0 165.0 300.16 17.32 2.81 362.34 331.31 80352.29 0.0 -20.0 -10.0 11.22 -22.0 -11.0
1.0 195.0 304.26 17.87 2.6 330.08 364.46 80496.37 0.0 -20.0 -10.0 22.63 -22.0 -11.0
1.0 225.0 304.56 23.44 2.5 268.43 384.04 80549.87 2.73 -20.0 -10.0 40.57 -22.0 -11.0
1.0 255.0 298.85 31.38 2.47 227.17 355.33 80637.34 17.66 -20.0 -10.0 45.96 -22.0 -11.0
1.0 285.0 291.28 35.37 2.37 180.82 313.56 80532.05 18.51 -20.0 -10.0 36.79 -22.0 -11.0
1.0 315.0 282.37 40.52 2.14 139.19 269.96 80416.45 14.93 -20.0 -10.0 24.95 -22.0 -11.0
1.0 345.0 277.96 49.99 1.9 112.05 259.19 80523.84 23.17 -20.0 -10.0 29.53 -22.0 -11.0
2.0 375.0 278.81 56.64 2.17 111.28 274.17 80417.34 61.09 -20.0 -10.0 68.12 -22.0 -11.0
2.0 405.0 280.78 49.76 2.45 151.64 277.82 80248.05 40.34 -20.0 -10.0 52.26 -22.0 -11.0
2.0 435.0 283.75 40.34 2.93 212.48 281.57 80045.18 23.92 -20.0 -10.0 43.99 -22.0 -11.0
2.0 465.0 288.57 30.57 3.24 282.84 291.92 79969.16 0.0 -20.0 -10.0 26.31 -22.0 -11.0
2.0 495.0 294.57 22.92 3.02 339.32 310.23 80133.85 0.0 -20.0 -10.0 15.01 -22.0 -11.0
2.0 525.0 300.16 17.32 2.81 362.34 331.31 80352.29 0.0 -20.0 -10.0 11.22 -22.0 -11.0
2.0 555.0 304.26 17.87 2.6 330.08 364.46 80496.37 0.0 -20.0 -10.0 22.63 -22.0 -11.0
2.0 585.0 304.56 23.44 2.5 268.43 384.04 80549.87 2.73 -20.0 -10.0 40.57 -22.0 -11.0
2.0 615.0 298.85 31.38 2.47 227.17 355.33 80637.34 17.66 -20.0 -10.0 45.96 -22.0 -11.0
2.0 645.0 291.28 35.37 2.37 180.82 313.56 80532.05 18.51 -20.0 -10.0 36.79 -22.0 -11.0
2.0 675.0 282.37 40.52 2.14 139.19 269.96 80416.45 14.93 -20.0 -10.0 24.95 -22.0 -11.0
2.0 705.0 277.96 49.99 1.9 112.05 259.19 80523.84 23.17 -20.0 -10.0 29.53 -22.0 -11.0
3.0 735.0 278.81 56.64 2.17 111.28 274.17 80417.34 61.09 -20.0 -10.0 68.12 -22.0 -11.0
3.0 765.0 280.78 49.76 2.45 151.64 277.82 80248.05 40.34 -20.0 -10.0 52.26 -22.0 -11.0
3.0 795.0 283.75 40.34 2.93 212.48 281.57 80045.18 23.92 -20.0 -10.0 43.99 -22.0 -11.0
3.0 825.0 288.57 30.57 3.24 282.84 291.92 79969.16 0.0 -20.0 -10.0 26.31 -22.0 -11.0
3.0 855.0 294.57 22.92 3.02 339.32 310.23 80133.85 0.0 -20.0 -10.0 15.01 -22.0 -11.0
3.0 885.0 300.16 17.32 2.81 362.34 331.31 80352.29 0.0 -20.0 -10.0 11.22 -22.0 -11.0
3.0 915.0 304.26 17.87 2.6 330.08 364.46 80496.37 0.0 -20.0 -10.0 22.63 -22.0 -11.0
3.0 945.0 304.56 23.44 2.5 268.43 384.04 80549.87 2.73 -20.0 -10.0 40.57 -22.0 -11.0
3.0 975.0 298.85 31.38 2.47 227.17 355.33 80637.34 17.66 -20.0 -10.0 45.96 -22.0 -11.0
3.0 1005.0 291.28 35.37 2.37 180.82 313.56 80532.05 18.51 -20.0 -10.0 36.79 -22.0 -11.0
3.0 1035.0 282.37 40.52 2.14 139.19 269.96 80416.45 14.93 -20.0 -10.0 24.95 -22.0 -11.0
3.0 1065.0 277.96 49.99 1.9 112.05 259.19 80523.84 23.17 -20.0 -10.0 29.53 -22.0 -11.0
4.0 1095.0 278.81 56.64 2.17 111.28 274.17 80417.34 61.09 -20.0 -10.0 68.12 -22.0 -11.0
4.0 1125.0 280.78 49.76 2.45 151.64 277.82 80248.05 40.34 -20.0 -10.0 52.26 -22.0 -11.0
4.0 1155.0 283.75 40.34 2.93 212.48 281.57 80045.18 23.92 -20.0 -10.0 43.99 -22.0 -11.0
4.0 1185.0 288.57 30.57 3.24 282.84 291.92 79969.16 0.0 -20.0 -10.0 26.31 -22.0 -11.0
4.0 1215.0 294.57 22.92 3.02 339.32 310.23 80133.85 0.0 -20.0 -10.0 15.01 -22.0 -11.0
4.0 1245.0 300.16 17.32 2.81 362.34 331.31 80352.29 0.0 -20.0 -10.0 11.22 -22.0 -11.0
4.0 1275.0 304.26 17.87 2.6 330.08 364.46 80496.37 0.0 -20.0 -10.0 22.63 -22.0 -11.0
4.0 1305.0 304.56 23.44 2.5 268.43 384.04 80549.87 2.73 -20.0 -10.0 40.57 -22.0 -11.0
4.0 1335.0 298.85 31.38 2.47 227.17 355.33 80637.34 17.66 -20.0 -10.0 45.96 -22.0 -11.0
4.0 1365.0 291.28 35.37 2.37 180.82 313.56 80532.05 18.51 -20.0 -10.0 36.79 -22.0 -11.0
4.0 1395.0 282.37 40.52 2.14 139.19 269.96 80416.45 14.93 -20.0 -10.0 24.95 -22.0 -11.0
4.0 1425.0 277.96 49.99 1.9 112.05 259.19 80523.84 23.17 -20.0 -10.0 29.53 -22.0 -11.0
5.0 1455.0 278.81 56.64 2.17 111.28 274.17 80417.34 61.09 -20.0 -10.0 68.12 -22.0 -11.0
5.0 1485.0 280.78 49.76 2.45 151.64 277.82 80248.05 40.34 -20.0 -10.0 52.26 -22.0 -11.0
5.0 1515.0 283.75 40.34 2.93 212.48 281.57 80045.18 23.92 -20.0 -10.0 43.99 -22.0 -11.0
5.0 1545.0 288.57 30.57 3.24 282.84 291.92 79969.16 0.0 -20.0 -10.0 26.31 -22.0 -11.0
5.0 1575.0 294.57 22.92 3.02 339.32 310.23 80133.85 0.0 -20.0 -10.0 15.01 -22.0 -11.0
5.0 1605.0 300.16 17.32 2.81 362.34 331.31 80352.29 0.0 -20.0 -10.0 11.22 -22.0 -11.0
5.0 1635.0 304.26 17.87 2.6 330.08 364.46 80496.37 0.0 -20.0 -10.0 22.63 -22.0 -11.0
5.0 1665.0 304.56 23.44 2.5 268.43 384.04 80549.87 2.73 -20.0 -10.0 40.57 -22.0 -11.0
5.0 1695.0 298.85 31.38 2.47 227.17 355.33 80637.34 17.66 -20.0 -10.0 45.96 -22.0 -11.0
5.0 1725.0 291.28 35.37 2.37 180.82 313.56 80532.05 18.51 -20.0 -10.0 36.79 -22.0 -11.0
5.0 1755.0 282.37 40.52 2.14 139.19 269.96 80416.45 14.93 -20.0 -10.0 24.95 -22.0 -11.0
5.0 1785.0 277.96 49.99 1.9 112.05 259.19 80523.84 23.17 -20.0 -10.0 29.53 -22.0 -11.0
6.0 1815.0 278.81 56.64 2.17 111.28 274.17 80417.34 61.09 -20.0 -10.0 68.12 -22.0 -11.0
6.0 1845.0 280.78 49.76 2.45 151.64 277.82 80248.05 40.34 -20.0 -10.0 52.26 -22.0 -11.0
6.0 1875.0 283.75 40.34 2.93 212.48 281.57 80045.18 23.92 -20.0 -10.0 43.99 -22.0 -11.0
6.0 1905.0 288.57 30.57 3.24 282.84 291.92 79969.16 0.0 -20.0 -10.0 26.31 -22.0 -11.0
6.0 1935.0 294.57 22.92 3.02 339.32 310.23 80133.85 0.0 -20.0 -10.0 15.01 -22.0 -11.0
6.0 1965.0 300.16 17.32 2.81 362.34 331.31 80352.29 0.0 -20.0 -10.0 11.22 -22.0 -11.0
6.0 1995.0 304.26 17.87 2.6 330.08 364.46 80496.37 0.0 -20.0 -10.0 22.63 -22.0 -11.0
6.0 2025.0 304.56 23.44 2.5 268.43 384.04 80549.87 2.73 -20.0 -10.0 40.57 -22.0 -11.0
6.0 2055.0 298.85 31.38 2.47 227.17 355.33 80637.34 17.66 -20.0 -10.0 45.96 -22.0 -11.0
6.0 2085.0 291.28 35.37 2.37 180.82 313.56 80532.05 18.51 -20.0 -10.0 36.79 -22.0 -11.0
6.0 2115.0 282.37 40.52 2.14 139.19 269.96 80416.45 14.93 -20.0 -10.0 24.95 -22.0 -11.0
6.0 2145.0 277.96 49.99 1.9 112.05 259.19 80523.84 23.17 -20.0 -10.0 29.53 -22.0 -11.0
7.0 2175.0 278.81 56.64 2.17 111.28 274.17 80417.34 61.09 -20.0 -10.0 68.12 -22.0 -11.0
7.0 2205.0 280.78 49.76 2.45 151.64 277.82 80248.05 40.34 -20.0 -10.0 52.26 -22.0 -11.0
7.0 2235.0 283.75 40.34 2.93 212.48 281.57 80045.18 23.92 -20.0 -10.0 43.99 -22.0 -11.0
7.0 2265.0 288.57 30.57 3.24 282.84 291.92 79969.16 0.0 -20.0 -10.0 26.31 -22.0 -11.0
7.0 2295.0 294.57 22.92 3.02 339.32 310.23 80133.85 0.0 -20.0 -10.0 15.01 -22.0 -11.0
7.0 2325.0 300.16 17.32 2.81 362.34 331.31 80352.29 0.0 -20.0 -10.0 11.22 -22.0 -11.0
7.0 2355.0 304.26 17.87 2.6 330.08 364.46 80496.37 0.0 -20.0 -10.0 22.63 -22.0 -11.0
7.0 2385.0 304.56 23.44 2.5 268.43 384.04 80549.87 2.73 -20.0 -10.0 40.57 -22.0 -11.0
7.0 2415.0 298.85 31.38 2.47 227.17 355.33 80637.34 17.66 -20.0 -10.0 45.96 -22.0 -11.0
7.0 2445.0 291.28 35.37 2.37 180.82 313.56 80532.05 18.51 -20.0 -10.0 36.79 -22.0 -11.0
7.0 2475.0 282.37 40.52 2.14 139.19 269.96 80416.45 14.93 -20.0 -10.0 24.95 -22.0 -11.0
7.0 2505.0 277.96 49.99 1.9 112.05 259.19 80523.84 23.17 -20.0 -10.0 29.53 -22.0 -11.0
8.0 2535.0 278.81 56.64 2.17 111.28 274.17 80417.34 61.09 -20.0 -10.0 68.12 -22.0 -11.0
8.0 2565.0 280.78 49.76 2.45 151.64 277.82 80248.05 40.34 -20.0 -10.0 52.26 -22.0 -11.0
8.0 2595.0 283.75 40.34 2.93 212.48 281.57 80045.18 23.92 -20.0 -10.0 43.99 -22.0 -11.0
8.0 2625.0 288.57 30.57 3.24 282.84 291.92 79969.16 0.0 -20.0 -10.0 26.31 -22.0 -11.0
8.0 2655.0 294.57 22.92 3.02 339.32 310.23 80133.85 0.0 -20.0 -10.0 15.01 -22.0 -11.0
8.0 2685.0 300.16 17.32 2.81 362.34 331.31 80352.29 0.0 -20.0 -10.0 11.22 -22.0 -11.0
8.0 2715.0 304.26 17.87 2.6 330.08 364.46 80496.37 0.0 -20.0 -10.0 22.63 -22.0 -11.0
8.0 2745.0 304.56 23.44 2.5 268.43 384.04 80549.87 2.73 -20.0 -10.0 40.57 -22.0 -11.0
8.0 2775.0 298.85 31.38 2.47 227.17 355.33 80637.34 17.66 -20.0 -10.0 45.96 -22.0 -11.0
8.0 2805.0 291.28 35.37 2.37 180.82 313.56 80532.05 18.51 -20.0 -10.0 36.79 -22.0 -11.0
8.0 2835.0 282.37 40.52 2.14 139.19 269.96 80416.45 14.93 -20.0 -10.0 24.95 -22.0 -11.0
8.0 2865.0 277.96 49.99 1.9 112.05 259.19 80523.84 23.17 -20.0 -10.0 29.53 -22.0 -11.0
9.0 2895.0 278.81 56.64 2.17 111.28 274.17 80417.34 61.09 -20.0 -10.0 68.12 -22.0 -11.0
9.0 2925.0 280.78 49.76 2.45 151.64 277.82 80248.05 40.34 -20.0 -10.0 52.26 -22.0 -11.0
9.0 2955.0 283.75 40.34 2.93 212.48 281.57 80045.18 23.92 -20.0 -10.0 43.99 -22.0 -11.0
9.0 2985.0 288.57 30.57 3.24 282.84 291.92 79969.16 0.0 -20.0 -10.0 26.31 -22.0 -11.0
9.0 3015.0 294.57 22.92 3.02 339.32 310.23 80133.85 0.0 -20.0 -10.0 15.01 -22.0 -11.0
9.0 3045.0 300.16 17.32 2.81 362.34 331.31 80352.29 0.0 -20.0 -10.0 11.22 -22.0 -11.0
9.0 3075.0 304.26 17.87 2.6 330.08 364.46 80496.37 0.0 -20.0 -10.0 22.63 -22.0 -11.0
9.0 3105.0 304.56 23.44 2.5 268.43 384.04 80549.87 2.73 -20.0 -10.0 40.57 -22.0 -11.0
9.0 3135.0 298.85 31.38 2.47 227.17 355.33 80637.34 17.66 -20.0 -10.0 45.96 -22.0 -11.0
9.0 3165.0 291.28 35.37 2.37 180.82 313.56 80532.05 18.51 -20.0 -10.0 36.79 -22.0 -11.0
9.0 3195.0 282.37 40.52 2.14 139.19 269.96 80416.45 14.93 -20.0 -10.0 24.95 -22.0 -11.0
9.0 3225.0 277.96 49.99 1.9 112.05 259.19 80523.84 23.17 -20.0 -10.0 29.53 -22.0 -11.0
10.0 3255.0 278.81 56.64 2.17 111.28 274.17 80417.34 61.09 -20.0 -10.0 68.12 -22.0 -11.0
10.0 3285.0 280.78 49.76 2.45 151.64 277.82 80248.05 40.34 -20.0 -10.0 52.26 -22.0 -11.0
10.0 3315.0 283.75 40.34 2.93 212.48 281.57 80045.18 23.92 -20.0 -10.0 43.99 -22.0 -11.0
10.0 3345.0 288.57 30.57 3.24 282.84 291.92 79969.16 0.0 -20.0 -10.0 26.31 -22.0 -11.0
10.0 3375.0 294.57 22.92 3.02 339.32 310.23 80133.85 0.0 -20.0 -10.0 15.01 -22.0 -11.0
10.0 3405.0 300.16 17.32 2.81 362.34 331.31 80352.29 0.0 -20.0 -10.0 11.22 -22.0 -11.0
10.0 3435.0 304.26 17.87 2.6 330.08 364.46 80496.37 0.0 -20.0 -10.0 22.63 -22.0 -11.0
10.0 3465.0 304.56 23.44 2.5 268.43 384.04 80549.87 2.73 -20.0 -10.0 40.57 -22.0 -11.0
10.0 3495.0 298.85 31.38 2.47 227.17 355.33 80637.34 17.66 -20.0 -10.0 45.96 -22.0 -11.0
10.0 3525.0 291.28 35.37 2.37 180.82 313.56 80532.05 18.51 -20.0 -10.0 36.79 -22.0 -11.0
10.0 3555.0 282.37 40.52 2.14 139.19 269.96 80416.45 14.93 -20.0 -10.0 24.95 -22.0 -11.0
10.0 3585.0 277.96 49.99 1.9 112.05 259.19 80523.84 23.17 -20.0 -10.0 29.53 -22.0 -11.0
